-----------
[0.01, 1, 255, 13, 10, 0.33, 0.05, 0, 1, 80, 1, 5]
ntrees:  22
auc: 0.7479691365677379
-----------
[0.03158777058334927, 8.122764861490227, 234.10000000000002, 1728.0, 4.0, 0.6206427525949737, 0.2029155785000626, 85.23343922392479, 1.9247247593841244, 112.0, 2.9671149166649555, 15.0]
ntrees:  915
auc: 0.7649944505889977
-----------
[0.01, 1.0, 255.0, 13.0, 10.0, 0.33, 0.05, 0.0, 1.0, 80.0, 1.0, 5.0]
ntrees:  22
auc: 0.7479691365677379
-----------
[0.4601358722360014, 58.12316501350027, 135.0, 184.0, 16.0, 0.8694492310717257, 0.788151981143775, 43.38174087952592, 0.076104202795646, 38.0, 3.4702658768061085, 2.0]
ntrees:  7
auc: 0.7463961674306818
-----------
[0.2317474762520029, 95.154675267836, 308.0, 1411.0, 6.0, 0.4004693780899261, 0.48131306404537655, 71.395975042466, 3.2627353875285516, 46.0, 2.553924891650413, 4.0]
ntrees:  23
auc: 0.7522775049213605
-----------
[0.4170951874371176, 30.64835399619842, 428.0, 989.0, 19.0, 0.5446509829822586, 0.8977115344729023, 1.1982226339490198, 4.17843856626375, 45.0, 3.5964244984027895, 2.0]
ntrees:  1
auc: 0.7331694429970306
-----------
[0.36751441122287015, 73.58460046635862, 499.0, 689.0, 16.0, 0.6771742548672943, 0.5601005208412826, 72.5095145686211, 1.1604588360927597, 108.0, 3.421198907484912, 27.0]
ntrees:  14
auc: 0.7524058195862362
-----------
[0.21912077733212454, 3.592456738083958, 249.0, 130.0, 9.0, 0.5615983792910132, 0.9719080673849064, 68.5358950797328, 4.575591258301147, 10.0, 4.700764984153424, 5.0]
ntrees:  54
auc: 0.7600265871318646
-----------
[0.018661632925872224, 79.74083333179424, 444.0, 1165.0, 2.0, 0.9777754388245582, 0.6486559577526155, 1.2211045182861202, 4.358047219215968, 25.0, 2.8634913695207866, 26.0]
ntrees:  224
auc: 0.7574094953356328
-----------
[0.12372764312661752, 21.974398669275445, 236.0, 1284.0, 14.0, 0.878474032352319, 0.5724925574702222, 56.163824912139034, 0.3000347899803263, 77.0, 2.8162345833939035, 43.0]
ntrees:  62
auc: 0.7597474017064731
-----------
[0.06896048069686604, 23.996730024979332, 60.0, 1871.0, 10.0, 0.6293836210495842, 0.5151602811278757, 99.58505134499785, 1.2399533855462748, 50.0, 2.7400436617955988, 19.0]
ntrees:  229
auc: 0.7625014338875283
-----------
[0.15017308623362852, 31.58713597118264, 45.0, 1934.0, 9.0, 0.5116224442788506, 0.8358959628940389, 47.312524808048785, 4.169262315952285, 9.0, 4.683265531377309, 27.0]
ntrees:  30
auc: 0.7558290093823675
-----------
[0.292982591437467, 37.34957973997856, 478.0, 59.0, 8.0, 0.6173383625854373, 0.8556702391915787, 48.52959033724925, 1.4128147959254433, 100.0, 4.880443249285214, 31.0]
ntrees:  19
auc: 0.7539733310041792
-----------
[0.4255225632372284, 60.20626225010057, 201.0, 2008.0, 9.0, 0.954080672748561, 0.8375692327581099, 82.82512631716844, 0.15747350052703113, 98.0, 3.5541925694993717, 25.0]
ntrees:  16
auc: 0.7526667463678727
-----------
[0.1162011561206579, 53.104780811820504, 339.0, 185.0, 10.0, 0.9835592893434169, 0.9448208364327051, 25.31257599108797, 4.790993365455101, 8.0, 1.418942117887814, 10.0]
ntrees:  55
auc: 0.7575505222809628
-----------
[0.43223458935004044, 21.252040345643234, 188.0, 1188.0, 16.0, 0.6578978305409182, 0.6329440487436732, 66.91289204323337, 4.643599672311851, 12.0, 3.855541175893496, 1.0]
ntrees:  18
auc: 0.7475602792620935
-----------
[0.07319381359580776, 57.12532502637196, 159.0, 923.0, 4.0, 0.5749471502414173, 0.7217103877647879, 69.49532713106863, 0.3471127731464474, 73.0, 2.772489754217248, 16.0]
ntrees:  104
auc: 0.759644220314078
-----------
[0.4790322339460914, 14.334195102557818, 256.0, 1415.0, 9.0, 0.9641181964588525, 0.4186418064972887, 13.473383702597076, 1.3017920250104265, 112.0, 4.825613668026307, 11.0]
ntrees:  11
auc: 0.7338301129225805
-----------
[0.04556749518127256, 39.458747366736944, 281.0, 1761.0, 4.0, 0.6136600923677411, 0.9097644577040045, 24.578714879739184, 4.7956250376881195, 96.0, 3.410134785627481, 48.0]
ntrees:  152
auc: 0.7597437652019259
-----------
[0.060821521788656595, 33.888687093885466, 375.0, 455.0, 12.0, 0.9958838042643324, 0.42138506521519414, 71.29010978089583, 1.4253313277376938, 69.0, 1.101086013385152, 45.0]
ntrees:  151
auc: 0.7626779945217259
-----------
[0.031036829468662545, 29.3833771266233, 87.0, 1095.0, 3.0, 0.5979526128726704, 0.9196234618648698, 26.51831075085579, 0.014794362028456853, 65.0, 2.875030807766974, 0.0]
ntrees:  189
auc: 0.761280186265729
-----------
[0.359571319801249, 30.77041948644565, 353.0, 1018.0, 10.0, 0.6138874900084312, 0.651463313128477, 31.341954520344352, 0.4205348415507887, 119.0, 4.289966642012846, 37.0]
ntrees:  9
auc: 0.7469602674173804
-----------
[0.005211914716464551, 93.41881306051839, 160.0, 1120.0, 13.0, 0.9785753876616997, 0.8286785042697996, 93.70283301651968, 1.1026556375155883, 27.0, 2.5292999466228188, 45.0]
ntrees:  2104
auc: 0.7631404148880874
-----------
[0.19705216437996628, 20.10019145273621, 508.0, 56.0, 1.0, 0.73570306286673, 0.44165198536127503, 71.518715595654, 1.6346780066712696, 25.0, 3.6680160840858083, 27.0]
ntrees:  68
auc: 0.7585484121060759
-----------
[0.28582306316722034, 15.356452409019576, 280.0, 365.0, 3.0, 0.7829551634109437, 0.5921007530470088, 56.94902934667622, 4.4054615803276995, 95.0, 4.12982963370808, 37.0]
ntrees:  35
auc: 0.7561520974493979
-----------
[0.31626056628467875, 39.03614248369012, 26.0, 423.0, 4.0, 0.9642151617215967, 0.7038428447415321, 9.26149744426904, 2.433832195432608, 85.0, 4.654192741043334, 38.0]
ntrees:  8
auc: 0.7491562023735611
-----------
[0.02641141160737158, 57.45123047736723, 241.0, 1799.0, 12.0, 0.8057867008521933, 0.657096170601339, 22.662392880145145, 0.8923854084457711, 81.0, 4.458386980425264, 15.0]
ntrees:  250
auc: 0.7618260282360476
-----------
[0.2817746343969146, 98.8377727356426, 135.0, 1614.0, 17.0, 0.6023131319487627, 0.9016922766051118, 22.13541095389727, 4.550157593968402, 104.0, 3.9357794362536493, 40.0]
ntrees:  9
auc: 0.7505474031014363
-----------
[0.30190920917395625, 79.4936738210916, 409.0, 1528.0, 14.0, 0.6133921200614809, 0.4452561769334962, 80.27835558846981, 4.12865327742745, 14.0, 3.983277611392578, 16.0]
ntrees:  16
auc: 0.7537844795600219
-----------
[0.09273940223379196, 33.42199875404038, 360.0, 389.0, 11.0, 0.4369822894152857, 0.4297975289941459, 4.174665042760339, 0.9550470402450095, 51.0, 2.3668610164181603, 40.0]
ntrees:  34
auc: 0.7532564748969937
-----------
[0.21745397698081584, 27.766967389079547, 304.0, 1327.0, 14.0, 0.7675294024607754, 0.6533658075158395, 38.10016394554421, 2.661371069006615, 102.0, 2.716504446945873, 4.0]
ntrees:  18
auc: 0.7548842468632775
-----------
[0.25584110966397916, 13.384331796117317, 350.0, 404.0, 3.0, 0.764465508759377, 0.9558847560237907, 79.45187869148762, 2.6436017935401472, 65.0, 4.963168319938564, 29.0]
ntrees:  32
auc: 0.7574977010159673
-----------
[0.056861095604229764, 15.836559155696385, 46.0, 1531.0, 7.0, 0.8333096533447478, 0.6062385796496377, 14.392210039196762, 4.501090858388733, 67.0, 3.101775989143421, 35.0]
ntrees:  111
auc: 0.7616946180134285
-----------
[0.34892448990235697, 42.97107586309918, 64.0, 1615.0, 3.0, 0.5541561973156796, 0.9631984131458132, 78.53236987752462, 0.051405477341339156, 116.0, 2.1418805653166615, 4.0]
ntrees:  11
auc: 0.7525421813182612
-----------
[0.1375764053361017, 77.26633758131368, 147.0, 1245.0, 16.0, 0.847844408109786, 0.934229450992141, 52.3850856142105, 0.6617122005395293, 28.0, 4.020833703957516, 38.0]
ntrees:  37
auc: 0.7557338960171738
-----------
[0.3164407267316293, 20.80317806660844, 67.0, 924.0, 5.0, 0.5223913545341072, 0.9951343566579185, 74.66580181374184, 2.0587741895203964, 10.0, 2.3925486803748424, 35.0]
ntrees:  24
auc: 0.7541225687524498
-----------
[0.146519082775435, 15.503983015861674, 201.0, 2005.0, 9.0, 0.9037569432852399, 0.9101406725687373, 72.22575048665054, 4.009737800252237, 16.0, 3.850697565143217, 37.0]
ntrees:  71
auc: 0.7609648390864022
-----------
[0.07300160372489087, 11.361502350421855, 126.0, 599.0, 1.0, 0.4553505580924948, 0.5229102535242239, 84.30597264033916, 4.2336574751539455, 36.0, 3.2990029271347336, 23.0]
ntrees:  213
auc: 0.7625614451761139
-----------
[0.4237449756308562, 28.009725676943255, 78.0, 57.0, 8.0, 0.4414121151299665, 0.6407178070101262, 4.39835727906882, 3.077992077258245, 92.0, 2.1865478669492306, 44.0]
ntrees:  7
auc: 0.7425072552116064
-----------
[0.30623086007240663, 26.79420668732311, 36.0, 375.0, 19.0, 0.6299259285871522, 0.7803458110651063, 61.84729815220893, 2.408383793813261, 20.0, 3.6982328523778834, 26.0]
ntrees:  16
auc: 0.753517434189032
-----------
[0.21686388417676453, 39.92393249874589, 284.0, 1501.0, 2.0, 0.4859245241864041, 0.4611037081833531, 50.158178871135185, 4.507865942673628, 16.0, 1.6971406348819587, 42.0]
ntrees:  41
auc: 0.7552747334786113
-----------
[0.009283162308222914, 87.75560928382778, 307.0, 1348.0, 8.0, 0.6980171360064009, 0.5011323636886389, 88.10740171674031, 1.7899435025910315, 13.0, 2.367084999405959, 41.0]
ntrees:  1043
auc: 0.7632732970608266
-----------
[0.32062379830715215, 92.4340188906895, 123.0, 1749.0, 12.0, 0.4899239509985136, 0.7141935932364771, 96.15576092817274, 0.5112763726032837, 96.0, 2.9661965800179684, 42.0]
ntrees:  28
auc: 0.7528943646996092
-----------
[0.4098691559638635, 92.01581019890352, 139.0, 267.0, 4.0, 0.43539357445460614, 0.700842680124, 1.1763649124700626, 3.162027922635928, 77.0, 2.176235158177066, 25.0]
ntrees:  7
auc: 0.7389278560257461
-----------
[0.43352924583726055, 28.975896658159446, 143.0, 898.0, 14.0, 0.8669701906211346, 0.4440596635503168, 62.12640697574957, 3.8637504213344886, 107.0, 4.261856331351443, 29.0]
ntrees:  28
auc: 0.7508004026868526
-----------
[0.154711031995559, 43.48798087801078, 283.0, 910.0, 19.0, 0.6877807614956628, 0.4895675723284063, 67.09545275323657, 2.237637772060159, 67.0, 3.4417482848155054, 44.0]
ntrees:  47
auc: 0.7590846282271188
-----------
[0.22049383865060945, 6.230616006354806, 444.0, 742.0, 12.0, 0.4829136658278521, 0.8572555526575925, 90.99360862859335, 0.6001011417052105, 58.0, 4.213136081088427, 38.0]
ntrees:  44
auc: 0.7573944932877652
-----------
[0.24859352269251864, 65.03008091827036, 489.0, 1801.0, 15.0, 0.4076063133702207, 0.843523619702976, 95.84447256578798, 3.086205061253986, 108.0, 2.1400842380129004, 36.0]
ntrees:  31
auc: 0.75516016611577
-----------
[0.45735542100049176, 27.255982582419854, 274.0, 478.0, 13.0, 0.433908324270737, 0.7394006305815329, 29.321816038847494, 3.702160290759198, 113.0, 4.589921166032596, 46.0]
ntrees:  8
auc: 0.7412985478801875
-----------
[0.2720444965795603, 74.38105174449946, 37.0, 508.0, 14.0, 0.6022347111803883, 0.9451474816278221, 11.436699789982253, 3.411953801209699, 108.0, 2.608805074643512, 21.0]
ntrees:  10
auc: 0.7510836841982381
-----------
[0.3522649195285853, 79.66028897862988, 453.0, 1189.0, 8.0, 0.46672496787434115, 0.4813870206532484, 70.36674900936497, 2.3820856904674814, 109.0, 4.47159523389745, 7.0]
ntrees:  13
auc: 0.7500012996306051
-----------
[0.25800450227470484, 56.03026950189912, 503.0, 911.0, 4.0, 0.8185543233789042, 0.8285772465963048, 38.24327624944771, 4.241697359420006, 66.0, 2.3624243362237176, 37.0]
ntrees:  31
auc: 0.7529313848138879
-----------
[0.005211914716464551, 93.41881306051839, 160.0, 1348.0, 8.0, 0.6980171360064009, 0.5011323636886389, 88.10740171674031, 1.7899435025910315, 13.0, 2.367084999405959, 41.0]
ntrees:  2402
auc: 0.763949288168157
-----------
[0.009283162308222914, 87.75560928382778, 307.0, 1120.0, 13.0, 0.9785753876616997, 0.8286785042697996, 39.35829771217953, 1.1026556375155883, 27.0, 2.5292999466228188, 45.0]
ntrees:  858
auc: 0.7614591171352557
-----------
[0.060821521788656595, 33.888687093885466, 375.0, 455.0, 12.0, 0.9958838042643324, 0.42138506521519414, 71.29010978089583, 1.7899435025910315, 13.0, 2.367084999405959, 41.0]
ntrees:  198
auc: 0.7631128917169019
-----------
[0.009283162308222914, 87.75560928382778, 307.0, 1348.0, 8.0, 0.6980171360064009, 0.5011323636886389, 88.10740171674031, 0.817209619520315, 69.0, 1.101086013385152, 45.0]
ntrees:  1395
auc: 0.7636428816824591
-----------
[0.07300160372489087, 11.361502350421855, 126.0, 599.0, 8.0, 0.6980171360064009, 0.5011323636886389, 88.10740171674031, 1.7899435025910315, 13.0, 2.367084999405959, 41.0]
ntrees:  286
auc: 0.7633027916280968
-----------
[0.009283162308222914, 87.75560928382778, 142.70000000000002, 1348.0, 1.0, 0.4553505580924948, 0.5229102535242239, 84.30597264033916, 4.2336574751539455, 36.0, 3.2990029271347336, 23.0]
ntrees:  1540
auc: 0.7635125311643886
-----------
[0.060821521788656595, 93.41881306051839, 160.0, 1120.0, 13.0, 0.9785753876616997, 0.8286785042697996, 93.70283301651968, 1.1026556375155883, 27.0, 2.5292999466228188, 45.0]
ntrees:  166
auc: 0.7618151787215746
-----------
[0.005211914716464551, 33.888687093885466, 375.0, 195.6, 12.0, 0.9958838042643324, 0.42138506521519414, 71.29010978089583, 1.4253313277376938, 69.0, 1.101086013385152, 45.0]
ntrees:  2003
auc: 0.7644970189364538
-----------
[0.009283162308222914, 87.75560928382778, 307.0, 1348.0, 8.0, 0.6980171360064009, 0.26780217646577836, 88.10740171674031, 1.7899435025910315, 13.0, 2.367084999405959, 41.0]
ntrees:  1309
auc: 0.7639080717457516
-----------
[0.005211914716464551, 93.41881306051839, 126.0, 599.0, 1.0, 0.4553505580924948, 0.5229102535242239, 84.30597264033916, 4.2336574751539455, 36.0, 3.2990029271347336, 23.0]
ntrees:  2450
auc: 0.7634452631331605
-----------
[0.044423134233463675, 11.361502350421855, 160.0, 1120.0, 13.0, 0.9785753876616997, 0.8286785042697996, 46.99841533978133, 1.1026556375155883, 27.0, 2.5292999466228188, 45.0]
ntrees:  166
auc: 0.7624418062210577
-----------
[0.06896048069686604, 23.996730024979332, 60.0, 1871.0, 10.0, 0.9785753876616997, 0.8286785042697996, 93.70283301651968, 1.1026556375155883, 27.0, 2.5292999466228188, 45.0]
ntrees:  144
auc: 0.7627435084779058
-----------
[0.005211914716464551, 93.41881306051839, 160.0, 1120.0, 13.0, 0.6293836210495842, 0.5151602811278757, 99.58505134499785, 1.2399533855462748, 50.0, 2.7400436617955988, 19.0]
ntrees:  2026
auc: 0.763714315318645
-----------
[0.060821521788656595, 33.888687093885466, 375.0, 455.0, 12.0, 0.9958838042643324, 0.42138506521519414, 71.29010978089583, 4.2336574751539455, 36.0, 3.2990029271347336, 23.0]
ntrees:  217
auc: 0.7632203836295057
-----------
[0.07300160372489087, 11.361502350421855, 126.0, 599.0, 1.0, 0.4553505580924948, 0.5229102535242239, 84.30597264033916, 1.4253313277376938, 39.300000000000004, 1.101086013385152, 45.0]
ntrees:  246
auc: 0.7616659865762762
-----------
[0.06896048069686604, 23.996730024979332, 60.0, 1871.0, 10.0, 0.6293836210495842, 0.5151602811278757, 71.29010978089583, 1.4253313277376938, 69.0, 1.101086013385152, 45.0]
ntrees:  141
auc: 0.7614448247002485
-----------
[0.060821521788656595, 33.888687093885466, 375.0, 455.0, 12.0, 0.9958838042643324, 0.42138506521519414, 99.58505134499785, 1.2399533855462748, 50.0, 2.7400436617955988, 19.0]
ntrees:  195
auc: 0.7631470446575708
-----------
[0.02641141160737158, 87.75560928382778, 307.0, 1348.0, 8.0, 0.6980171360064009, 0.5011323636886389, 88.10740171674031, 1.7899435025910315, 13.0, 2.367084999405959, 41.0]
ntrees:  378
auc: 0.7627640847561323
-----------
[0.009283162308222914, 57.45123047736723, 241.0, 1799.0, 6.200000000000001, 0.8057867008521933, 0.657096170601339, 22.662392880145145, 0.8923854084457711, 81.0, 4.458386980425264, 15.0]
ntrees:  748
auc: 0.7629506630347175
-----------
[0.06896048069686604, 23.996730024979332, 126.0, 599.0, 1.0, 0.4553505580924948, 0.5229102535242239, 84.30597264033916, 4.2336574751539455, 36.0, 3.2990029271347336, 23.0]
ntrees:  219
auc: 0.7622345603625011
-----------
[0.07300160372489087, 11.361502350421855, 60.0, 1871.0, 10.0, 0.6293836210495842, 0.5151602811278757, 99.58505134499785, 1.2399533855462748, 50.0, 1.4305122298820596, 19.0]
ntrees:  311
auc: 0.7636056902312264
-----------
[0.056861095604229764, 15.836559155696385, 46.0, 1531.0, 7.0, 0.8333096533447478, 0.6062385796496377, 88.10740171674031, 0.839654888549497, 13.0, 2.367084999405959, 41.0]
ntrees:  214
auc: 0.7634272307968365
-----------
[0.009283162308222914, 87.75560928382778, 307.0, 1348.0, 8.0, 0.6980171360064009, 0.5011323636886389, 14.392210039196762, 4.501090858388733, 67.0, 3.101775989143421, 35.0]
ntrees:  641
auc: 0.7621178679703087
-----------
[0.005211914716464551, 93.41881306051839, 241.0, 1799.0, 12.0, 0.36907811767215004, 0.657096170601339, 22.662392880145145, 0.8923854084457711, 81.0, 4.458386980425264, 15.0]
ntrees:  1266
auc: 0.7617575111755691
-----------
[0.02641141160737158, 57.45123047736723, 160.0, 1120.0, 13.0, 0.9785753876616997, 0.8286785042697996, 93.70283301651968, 1.1026556375155883, 27.0, 2.5292999466228188, 45.0]
ntrees:  384
auc: 0.7627823768007393
-----------
[0.005211914716464551, 42.14467383628495, 160.0, 1120.0, 13.0, 0.8333096533447478, 0.6062385796496377, 14.392210039196762, 4.501090858388733, 67.0, 3.101775989143421, 35.0]
ntrees:  1233
auc: 0.7629155117966084
-----------
[0.056861095604229764, 15.836559155696385, 46.0, 1531.0, 7.0, 0.9785753876616997, 0.8286785042697996, 93.70283301651968, 1.1026556375155883, 27.0, 2.5292999466228188, 45.0]
ntrees:  181
auc: 0.7632744854742406
-----------
[0.031036829468662545, 29.3833771266233, 87.0, 1095.0, 3.0, 0.5979526128726704, 0.9196234618648698, 26.51831075085579, 0.014794362028456853, 65.0, 2.875030807766974, 0.0]
ntrees:  189
auc: 0.761280186265729
-----------
[0.060821521788656595, 57.45123047736723, 241.0, 1799.0, 12.0, 0.8057867008521933, 0.657096170601339, 17.831446769844643, 0.8923854084457711, 81.0, 4.458386980425264, 15.0]
ntrees:  109
auc: 0.7598799795792928
-----------
[0.02641141160737158, 33.888687093885466, 375.0, 455.0, 12.0, 0.9958838042643324, 0.42138506521519414, 71.29010978089583, 1.4253313277376938, 69.0, 1.101086013385152, 45.0]
ntrees:  437
auc: 0.7639758772450679
-----------
[0.031036829468662545, 93.41881306051839, 160.0, 1120.0, 13.0, 0.9785753876616997, 0.8286785042697996, 93.70283301651968, 1.1026556375155883, 27.0, 2.5292999466228188, 45.0]
ntrees:  345
auc: 0.7623372202406478
-----------
[0.005211914716464551, 29.3833771266233, 87.0, 1095.0, 3.0, 0.5979526128726704, 0.9196234618648698, 26.51831075085579, 0.014794362028456853, 65.0, 2.875030807766974, 0.0]
ntrees:  1195
auc: 0.7618252892410367
-----------
[0.02641141160737158, 57.45123047736723, 241.0, 1799.0, 12.0, 0.8057867008521933, 0.5229102535242239, 84.30597264033916, 4.2336574751539455, 36.0, 3.2990029271347336, 23.0]
ntrees:  403
auc: 0.7635675643723397
-----------
[0.07300160372489087, 11.361502350421855, 126.0, 599.0, 1.0, 0.4553505580924948, 0.657096170601339, 22.662392880145145, 0.8923854084457711, 81.0, 4.458386980425264, 15.0]
ntrees:  65
auc: 0.7578608523244912
-----------
[0.060821521788656595, 33.888687093885466, 375.0, 455.0, 12.0, 0.9958838042643324, 0.42138506521519414, 71.29010978089583, 1.4253313277376938, 67.0, 3.101775989143421, 35.0]
ntrees:  181
auc: 0.7632295216603797
-----------
[0.056861095604229764, 15.836559155696385, 46.0, 1531.0, 7.0, 0.8333096533447478, 0.6062385796496377, 14.392210039196762, 4.501090858388733, 69.0, 1.101086013385152, 45.0]
ntrees:  137
auc: 0.7617016207105609
-----------
[0.06896048069686604, 23.996730024979332, 60.0, 1871.0, 10.0, 0.8057867008521933, 0.657096170601339, 22.662392880145145, 0.8923854084457711, 81.0, 4.458386980425264, 15.0]
ntrees:  86
auc: 0.7605222203734864
-----------
[0.02641141160737158, 27.672403876120846, 241.0, 1799.0, 5.9, 0.6293836210495842, 0.5151602811278757, 99.58505134499785, 1.2399533855462748, 50.0, 1.3963177903013184, 19.0]
ntrees:  458
auc: 0.7633407308564577
-----------
[0.056861095604229764, 9.21387896161147, 126.0, 599.0, 1.5, 0.4553505580924948, 0.5229102535242239, 84.30597264033916, 4.2336574751539455, 36.0, 1.540280184850901, 23.0]
ntrees:  355
auc: 0.7627554968215602
-----------
[0.07300160372489087, 11.361502350421855, 46.0, 1531.0, 7.0, 0.8333096533447478, 0.6062385796496377, 14.392210039196762, 4.501090858388733, 67.0, 3.101775989143421, 35.0]
ntrees:  118
auc: 0.7608267999021698
-----------
[0.45969667519118285, 64.87246004860881, 307.0, 1622.0, 1.0, 0.6761893266370917, 0.4051257126969583, 72.58259989550464, 3.7064049197564346, 25.0, 1.9988881299171637, 6.0]
ntrees:  12
auc: 0.7456562132076792
-----------
[0.31973300018728873, 49.14074458298133, 174.0, 460.0, 6.0, 0.9552902650341109, 0.5550675231897673, 84.04634399024837, 1.4836789888023931, 65.0, 3.537956658833025, 45.0]
ntrees:  24
auc: 0.7559970020497929
-----------
[0.03582599816316266, 29.52106174550906, 332.0, 1585.0, 4.0, 0.6705962216100343, 0.9838340178255318, 18.90948141576605, 2.1793048025279846, 18.0, 3.00036381966832, 43.0]
ntrees:  148
auc: 0.7574232106845331
-----------
[0.44868994010455127, 75.18584422896588, 451.0, 320.0, 5.0, 0.9076627266641477, 0.4896224292113318, 97.19015666796028, 2.7357535402472632, 91.0, 3.838627069111354, 33.0]
ntrees:  17
auc: 0.7512900287750511
-----------
[0.1905640896494482, 67.73395248311672, 428.0, 689.0, 9.0, 0.8282760318353222, 0.6216310362386906, 34.201469237671986, 3.0958105676467746, 42.0, 4.943779451586158, 42.0]
ntrees:  35
auc: 0.7551674132349587
-----------
[0.005211914716464551, 33.888687093885466, 375.0, 195.6, 12.0, 0.9958838042643324, 0.42138506521519414, 71.29010978089583, 1.4253313277376938, 13.0, 2.367084999405959, 41.0]
ntrees:  2058
auc: 0.7641797590703912
-----------
[0.009283162308222914, 87.75560928382778, 307.0, 1348.0, 8.0, 0.6980171360064009, 0.18240081230969082, 88.10740171674031, 1.7899435025910315, 69.0, 1.101086013385152, 45.0]
ntrees:  1568
auc: 0.7641470543798959
-----------
[0.005211914716464551, 33.888687093885466, 375.0, 195.6, 12.0, 0.9958838042643324, 0.258592307866784, 71.29010978089583, 1.4253313277376938, 50.0, 2.7400436617955988, 19.0]
ntrees:  2066
auc: 0.7646078854657198
-----------
[0.005211914716464551, 93.41881306051839, 160.0, 1120.0, 13.0, 0.6293836210495842, 0.5151602811278757, 99.58505134499785, 1.2399533855462748, 69.0, 1.101086013385152, 20.1]
ntrees:  2129
auc: 0.7639065740935558
-----------
[0.009283162308222914, 41.15837333972197, 170.0, 195.6, 12.0, 0.9958838042643324, 0.42138506521519414, 71.29010978089583, 1.4253313277376938, 69.0, 1.101086013385152, 45.0]
ntrees:  1109
auc: 0.7641744645492723
-----------
[0.005211914716464551, 33.888687093885466, 307.0, 1348.0, 4.9, 0.6980171360064009, 0.5011323636886389, 88.10740171674031, 0.817209619520315, 69.0, 1.101086013385152, 45.0]
ntrees:  2023
auc: 0.7641440947960739
-----------
[0.07300160372489087, 11.361502350421855, 60.0, 1871.0, 10.0, 0.6293836210495842, 0.5151602811278757, 99.58505134499785, 1.2399533855462748, 50.0, 1.4305122298820596, 19.0]
ntrees:  311
auc: 0.7636056902312264
-----------
[0.005211914716464551, 33.888687093885466, 375.0, 195.6, 12.0, 0.9958838042643324, 0.42138506521519414, 71.29010978089583, 1.4253313277376938, 69.0, 1.101086013385152, 22.2]
ntrees:  2041
auc: 0.7644354015506751
-----------
[0.005211914716464551, 33.888687093885466, 375.0, 195.6, 6.6000000000000005, 0.8057867008521933, 0.5229102535242239, 84.30597264033916, 4.2336574751539455, 36.0, 3.2990029271347336, 23.0]
ntrees:  2312
auc: 0.764634050911724
-----------
[0.02641141160737158, 57.45123047736723, 241.0, 1799.0, 12.0, 0.9958838042643324, 0.42138506521519414, 71.29010978089583, 1.4253313277376938, 69.0, 1.101086013385152, 45.0]
ntrees:  449
auc: 0.7640546840925628
-----------
[0.009283162308222914, 87.75560928382778, 142.70000000000002, 1348.0, 12.0, 0.9958838042643324, 0.42138506521519414, 71.29010978089583, 1.4253313277376938, 69.0, 1.101086013385152, 45.0]
ntrees:  1129
auc: 0.7636386218637131
-----------
[0.005211914716464551, 33.888687093885466, 375.0, 195.6, 1.0, 0.4553505580924948, 0.5229102535242239, 84.30597264033916, 4.2336574751539455, 36.0, 3.2990029271347336, 23.0]
ntrees:  2647
auc: 0.7642125087330431
-----------
[0.005211914716464551, 33.888687093885466, 375.0, 195.6, 12.0, 0.9958838042643324, 0.42138506521519414, 71.29010978089583, 1.4253313277376938, 69.0, 3.2990029271347336, 23.0]
ntrees:  2115
auc: 0.764445037483083
-----------
[0.005211914716464551, 93.41881306051839, 126.0, 599.0, 1.0, 0.4553505580924948, 0.5229102535242239, 84.30597264033916, 4.2336574751539455, 36.0, 1.101086013385152, 45.0]
ntrees:  2195
auc: 0.7632441191784942
-----------
[0.005211914716464551, 93.41881306051839, 160.0, 1348.0, 8.0, 0.6980171360064009, 0.5011323636886389, 88.10740171674031, 1.7899435025910315, 13.0, 1.101086013385152, 45.0]
ntrees:  2368
auc: 0.7640124875072466
-----------
[0.02641141160737158, 33.888687093885466, 375.0, 455.0, 12.0, 0.9958838042643324, 0.42138506521519414, 71.29010978089583, 1.4253313277376938, 69.0, 2.367084999405959, 41.0]
ntrees:  415
auc: 0.7639550432278498
-----------
[0.005211914716464551, 33.888687093885466, 375.0, 195.6, 7.0, 0.8333096533447478, 0.6062385796496377, 88.10740171674031, 0.839654888549497, 13.0, 2.367084999405959, 41.0]
ntrees:  2177
auc: 0.7641745132008693
-----------
[0.056861095604229764, 15.836559155696385, 46.0, 1531.0, 12.0, 0.9958838042643324, 0.42138506521519414, 71.29010978089583, 1.4253313277376938, 28.700000000000003, 1.101086013385152, 45.0]
ntrees:  249
auc: 0.7641533050249777
-----------
[0.009283162308222914, 33.888687093885466, 375.0, 455.0, 12.0, 0.9958838042643324, 0.42138506521519414, 71.29010978089583, 1.4253313277376938, 69.0, 1.101086013385152, 45.0]
ntrees:  1024
auc: 0.7643324603810575
-----------
[0.02641141160737158, 87.75560928382778, 307.0, 1348.0, 8.0, 0.6980171360064009, 0.26780217646577836, 88.10740171674031, 1.7899435025910315, 13.0, 2.367084999405959, 41.0]
ntrees:  493
auc: 0.7630976092104701
-----------
[0.005211914716464551, 33.888687093885466, 375.0, 195.6, 12.0, 0.9958838042643324, 0.5151602811278757, 99.58505134499785, 1.2399533855462748, 50.0, 1.3963177903013184, 19.0]
ntrees:  2206
auc: 0.7643163278425956
-----------
[0.02641141160737158, 27.672403876120846, 126.9, 1799.0, 5.9, 0.6293836210495842, 0.42138506521519414, 71.29010978089583, 1.4253313277376938, 69.0, 1.101086013385152, 45.0]
ntrees:  380
auc: 0.7634276290046665
-----------
[0.07300160372489087, 33.888687093885466, 375.0, 195.6, 12.0, 0.497061460688671, 0.42138506521519414, 71.29010978089583, 1.4253313277376938, 69.0, 1.101086013385152, 21.9]
ntrees:  165
auc: 0.7604103222037414
-----------
[0.005211914716464551, 11.361502350421855, 126.0, 599.0, 3.6, 0.6980171360064009, 0.5011323636886389, 88.10740171674031, 1.7899435025910315, 13.0, 2.367084999405959, 41.0]
ntrees:  2501
auc: 0.7646024341572373
-----------
[0.005211914716464551, 33.888687093885466, 375.0, 195.6, 12.0, 0.9958838042643324, 0.42138506521519414, 71.29010978089583, 1.4253313277376938, 69.0, 2.5292999466228188, 45.0]
ntrees:  2094
auc: 0.7644853712449995
-----------
[0.056861095604229764, 15.836559155696385, 46.0, 1531.0, 7.0, 0.45382371144946543, 0.8286785042697996, 93.70283301651968, 1.1026556375155883, 27.0, 1.101086013385152, 45.0]
ntrees:  271
auc: 0.761316406312581
-----------
[0.009283162308222914, 87.75560928382778, 307.0, 1348.0, 8.0, 0.6980171360064009, 0.5011323636886389, 71.29010978089583, 1.4253313277376938, 69.0, 1.101086013385152, 45.0]
ntrees:  1351
auc: 0.7637311790666074
-----------
[0.005211914716464551, 33.888687093885466, 375.0, 195.6, 12.0, 0.9958838042643324, 0.42138506521519414, 88.10740171674031, 1.2134639702694114, 13.0, 2.367084999405959, 41.0]
ntrees:  2310
auc: 0.7643117728019965
-----------
[0.005211914716464551, 33.888687093885466, 375.0, 455.0, 12.0, 0.9958838042643324, 0.42138506521519414, 71.29010978089583, 1.4253313277376938, 67.0, 3.101775989143421, 35.0]
ntrees:  2109
auc: 0.7643622757680754
-----------
[0.060821521788656595, 33.888687093885466, 375.0, 195.6, 12.0, 0.9958838042643324, 0.42138506521519414, 71.29010978089583, 1.4253313277376938, 69.0, 1.101086013385152, 45.0]
ntrees:  169
auc: 0.7632117517203236
-----------
[0.005211914716464551, 33.888687093885466, 375.0, 195.6, 12.0, 0.9958838042643324, 0.42138506521519414, 71.29010978089583, 4.2336574751539455, 36.0, 3.2990029271347336, 23.0]
ntrees:  2742
auc: 0.7645306246271911
-----------
[0.060821521788656595, 33.888687093885466, 375.0, 455.0, 12.0, 0.9958838042643324, 0.42138506521519414, 71.29010978089583, 1.4253313277376938, 69.0, 1.101086013385152, 45.0]
ntrees:  151
auc: 0.7626779945217259
-----------
[0.005211914716464551, 33.888687093885466, 375.0, 455.0, 12.0, 0.9958838042643324, 0.42138506521519414, 71.29010978089583, 1.4253313277376938, 69.0, 1.101086013385152, 45.0]
ntrees:  2025
auc: 0.7644113241850162
-----------
[0.02641141160737158, 93.41881306051839, 160.0, 1120.0, 13.0, 0.6293836210495842, 0.5151602811278757, 99.58505134499785, 1.2399533855462748, 50.0, 2.7400436617955988, 19.0]
ntrees:  555
auc: 0.7634825188211145
-----------
[0.42118695383656335, 66.75920258496366, 139.0, 602.0, 7.0, 0.9897303214010683, 0.5137060613504576, 77.34767712458334, 1.2961402908289954, 17.0, 2.508039592667883, 25.0]
ntrees:  13
auc: 0.7500234600239443
-----------
[0.0046099221632823146, 94.90648140677122, 279.0, 1067.0, 8.0, 0.6063741637821871, 0.7240570028634705, 58.84182812078252, 2.481645756128649, 111.0, 4.559335496770384, 13.0]
ntrees:  2312
auc: 0.7638341274465061
-----------
[0.4107606087198808, 3.3043204369083448, 262.0, 831.0, 19.0, 0.5031304699308512, 0.9493469394898612, 57.33913348607448, 4.175960322723834, 18.0, 3.949154001578382, 33.0]
ntrees:  20
auc: 0.7565415136229733
-----------
[0.2277465940511738, 17.46755203514572, 384.0, 1257.0, 12.0, 0.7186892787103195, 0.9719594456452569, 68.75826776223988, 0.4290259753031822, 64.0, 4.336753781106511, 0.0]
ntrees:  28
auc: 0.7580857441594675
-----------
[0.08187958994885315, 60.575525863963364, 505.0, 1171.0, 9.0, 0.8689646464343721, 0.5690756985509073, 0.44092851585710857, 1.3128194052602549, 97.0, 4.544923770907571, 47.0]
ntrees:  54
auc: 0.7564822161051867
-----------
[0.0055580294602861485, 94.31602118944211, 85.0, 657.0, 9.0, 0.6710804440495324, 0.6796202910468807, 93.95873803408409, 0.6399947527628641, 11.0, 3.487409746750303, 1.0]
ntrees:  2023
auc: 0.7636948417931941
-----------
[0.17685406926779126, 89.50698536612687, 192.0, 1117.0, 10.0, 0.9184884052099714, 0.6367745510999683, 94.14149361100915, 3.8514525877716355, 50.0, 2.1271682838794743, 34.0]
ntrees:  56
auc: 0.759455675375546
-----------
[0.20606432753959353, 64.25518330670734, 377.0, 123.0, 1.0, 0.80053095107005, 0.45704292033450344, 93.58941212440591, 2.541801548037148, 83.0, 1.1692658947371966, 28.0]
ntrees:  40
auc: 0.7585580872351184
-----------
[0.2675429298821337, 21.66700443690424, 495.0, 946.0, 12.0, 0.45117149422357844, 0.5903518968517346, 35.46617939179549, 0.7910819176262696, 73.0, 3.2182866478415555, 23.0]
ntrees:  22
auc: 0.7501953456218076
-----------
[0.4872245916216332, 27.944144047088862, 105.0, 1277.0, 12.0, 0.9474131829106367, 0.7277797184724237, 32.90410719872149, 1.9940575402483867, 65.0, 1.1404725236649114, 14.0]
ntrees:  10
auc: 0.7398942800721477
-----------
[0.49057062030495036, 89.30721239258399, 429.0, 128.0, 5.0, 0.9720537255580693, 0.4164944152896683, 33.61521928198612, 4.339469876846691, 71.0, 3.345237987243425, 47.0]
ntrees:  10
auc: 0.7450716860598985
-----------
[0.005211914716464551, 33.888687093885466, 375.0, 195.6, 6.6000000000000005, 0.8057867008521933, 0.2536772461824088, 84.30597264033916, 4.2336574751539455, 36.0, 3.2990029271347336, 23.0]
ntrees:  3152
auc: 0.7649558938610012
-----------
[0.005211914716464551, 33.888687093885466, 375.0, 238.14000000000001, 6.6000000000000005, 0.8057867008521933, 0.5229102535242239, 84.30597264033916, 4.2336574751539455, 36.0, 2.367084999405959, 41.0]
ntrees:  2294
auc: 0.7643795810469275
-----------
[0.005211914716464551, 11.361502350421855, 126.0, 599.0, 3.6, 0.6980171360064009, 0.5011323636886389, 88.10740171674031, 1.7899435025910315, 13.0, 3.2990029271347336, 23.0]
ntrees:  3150
auc: 0.7649084720188758
-----------
[0.005211914716464551, 33.888687093885466, 375.0, 195.6, 12.0, 0.6980171360064009, 0.5011323636886389, 88.10740171674031, 1.7899435025910315, 13.0, 2.367084999405959, 41.0]
ntrees:  2404
auc: 0.7641542924611506
-----------
[0.005211914716464551, 11.361502350421855, 126.0, 599.0, 3.6, 0.9958838042643324, 0.258592307866784, 71.29010978089583, 1.4253313277376938, 50.0, 2.7400436617955988, 19.0]
ntrees:  2686
auc: 0.765424815915047
-----------
[0.005211914716464551, 33.888687093885466, 375.0, 105.64000000000001, 12.0, 0.9958838042643324, 0.42138506521519414, 71.29010978089583, 4.2336574751539455, 36.0, 3.2990029271347336, 23.0]
ntrees:  2655
auc: 0.7646883436860611
-----------
[0.005211914716464551, 11.361502350421855, 126.0, 599.0, 3.6, 0.6980171360064009, 0.42138506521519414, 71.29010978089583, 4.2336574751539455, 36.0, 3.2990029271347336, 23.0]
ntrees:  2833
auc: 0.7650010639505215
-----------
[0.005211914716464551, 33.888687093885466, 375.0, 195.6, 12.0, 0.9958838042643324, 0.5011323636886389, 88.10740171674031, 1.7899435025910315, 13.0, 2.367084999405959, 41.0]
ntrees:  2209
auc: 0.7643267651353567
-----------
[0.005211914716464551, 33.888687093885466, 375.0, 195.6, 12.0, 0.9958838042643324, 0.5229102535242239, 84.30597264033916, 4.2336574751539455, 36.0, 3.2990029271347336, 23.0]
ntrees:  2563
auc: 0.7643773037575212
-----------
[0.023457592579846826, 33.888687093885466, 375.0, 195.6, 6.6000000000000005, 0.8057867008521933, 0.42138506521519414, 71.29010978089583, 1.4253313277376938, 69.0, 1.101086013385152, 45.0]
ntrees:  468
auc: 0.7637268186826185
-----------
[0.005211914716464551, 33.888687093885466, 375.0, 195.6, 12.0, 0.9958838042643324, 0.42138506521519414, 71.29010978089583, 1.4253313277376938, 69.0, 2.5292999466228188, 45.0]
ntrees:  2094
auc: 0.7644853712346544
-----------
[0.005211914716464551, 33.888687093885466, 375.0, 195.6, 12.0, 0.9958838042643324, 0.42138506521519414, 71.29010978089583, 1.4253313277376938, 69.0, 0.7927912044230405, 45.0]
ntrees:  2003
auc: 0.7644374059536643
-----------
[0.005211914716464551, 33.888687093885466, 375.0, 599.0, 3.6, 0.6980171360064009, 0.5011323636886389, 88.10740171674031, 1.7899435025910315, 13.0, 2.367084999405959, 41.0]
ntrees:  2399
auc: 0.7640118124479226
-----------
[0.005211914716464551, 11.361502350421855, 126.0, 195.6, 12.0, 0.9958838042643324, 0.42138506521519414, 38.13526645035634, 1.4253313277376938, 69.0, 1.101086013385152, 45.0]
ntrees:  1605
auc: 0.7645864203296945
-----------
[0.005211914716464551, 33.888687093885466, 375.0, 195.6, 12.0, 0.9958838042643324, 0.16784893747486473, 71.29010978089583, 1.4253313277376938, 50.0, 2.7400436617955988, 19.0]
ntrees:  221
auc: 0.7557766701276327
-----------
[0.005211914716464551, 11.361502350421855, 126.0, 599.0, 3.6, 0.9958838042643324, 0.42138506521519414, 71.29010978089583, 1.4253313277376938, 69.0, 2.5292999466228188, 19.3]
ntrees:  2508
auc: 0.7650755178614908
-----------
[0.005211914716464551, 33.888687093885466, 375.0, 195.6, 6.6000000000000005, 0.8057867008521933, 0.5229102535242239, 84.30597264033916, 1.4253313277376938, 69.0, 3.2990029271347336, 23.0]
ntrees:  1997
auc: 0.7645271933555952
-----------
[0.005211914716464551, 33.888687093885466, 375.0, 195.6, 5.700000000000001, 0.9958838042643324, 0.42138506521519414, 71.29010978089583, 4.2336574751539455, 36.0, 3.2990029271347336, 23.0]
ntrees:  2414
auc: 0.7644423542161229
-----------
[0.005211914716464551, 33.888687093885466, 375.0, 117.64000000000001, 12.0, 0.4429971161988888, 0.42138506521519414, 84.30597264033916, 4.2336574751539455, 36.0, 3.2990029271347336, 23.0]
ntrees:  2438
auc: 0.7640590409206316
-----------
[0.005211914716464551, 17.42328146021998, 375.0, 195.6, 6.6000000000000005, 0.8057867008521933, 0.5229102535242239, 33.81429501623307, 1.4253313277376938, 69.0, 1.101086013385152, 22.2]
ntrees:  1652
auc: 0.7644406580778081
-----------
[0.005211914716464551, 33.888687093885466, 375.0, 195.6, 12.0, 0.9958838042643324, 0.258592307866784, 71.29010978089583, 1.4253313277376938, 69.0, 3.2990029271347336, 23.0]
ntrees:  2067
auc: 0.7646406263154999
-----------
[0.005211914716464551, 33.888687093885466, 375.0, 259.34000000000003, 12.0, 0.9958838042643324, 0.42138506521519414, 71.29010978089583, 1.4253313277376938, 50.0, 2.7400436617955988, 19.0]
ntrees:  1937
auc: 0.7643010583366645
-----------
[0.005211914716464551, 33.888687093885466, 375.0, 195.6, 3.6, 0.6980171360064009, 0.5011323636886389, 42.060899755769185, 1.7899435025910315, 13.0, 2.367084999405959, 21.1]
ntrees:  1500
auc: 0.7639638860338149
-----------
[0.005211914716464551, 11.361502350421855, 126.0, 599.0, 12.0, 0.9958838042643324, 0.42138506521519414, 71.29010978089583, 1.4253313277376938, 69.0, 1.4358644699327776, 23.0]
ntrees:  2311
auc: 0.7650860342430245
-----------
[0.005211914716464551, 33.888687093885466, 375.0, 195.6, 6.6000000000000005, 0.8057867008521933, 0.5229102535242239, 84.30597264033916, 1.4253313277376938, 69.0, 1.101086013385152, 45.0]
ntrees:  2190
auc: 0.7644844984326822
-----------
[0.005211914716464551, 33.888687093885466, 375.0, 455.0, 12.0, 0.9958838042643324, 0.42138506521519414, 71.29010978089583, 4.2336574751539455, 36.0, 3.2990029271347336, 23.0]
ntrees:  2696
auc: 0.764526258676389
-----------
[0.005211914716464551, 33.888687093885466, 375.0, 195.6, 12.0, 0.9958838042643324, 0.258592307866784, 71.29010978089583, 1.4253313277376938, 50.0, 1.101086013385152, 22.2]
ntrees:  2083
auc: 0.7645581916973453
-----------
[0.005211914716464551, 33.888687093885466, 375.0, 195.6, 12.0, 0.9958838042643324, 0.42138506521519414, 71.29010978089583, 1.4253313277376938, 69.0, 2.7400436617955988, 19.0]
ntrees:  1936
auc: 0.7643099301466344
-----------
[0.005211914716464551, 33.888687093885466, 375.0, 195.6, 12.0, 0.9958838042643324, 0.42138506521519414, 71.29010978089583, 1.4253313277376938, 13.0, 2.367084999405959, 41.0]
ntrees:  2058
auc: 0.7641797590703912
-----------
[0.005211914716464551, 11.361502350421855, 126.0, 599.0, 3.6, 0.6980171360064009, 0.5011323636886389, 88.10740171674031, 1.7899435025910315, 69.0, 1.101086013385152, 22.2]
ntrees:  3168
auc: 0.7652269611694479
-----------
[0.005211914716464551, 33.888687093885466, 375.0, 195.6, 12.0, 0.9958838042643324, 0.42138506521519414, 71.29010978089583, 4.2336574751539455, 36.0, 3.2990029271347336, 10.500000000000002]
ntrees:  2417
auc: 0.7645089100071554
-----------
[0.005211914716464551, 33.888687093885466, 375.0, 195.6, 6.500000000000001, 0.9958838042643324, 0.258592307866784, 71.29010978089583, 1.4253313277376938, 69.0, 1.101086013385152, 45.0]
ntrees:  2358
auc: 0.7646592053696598
-----------
[0.005211914716464551, 33.888687093885466, 375.0, 455.0, 12.0, 0.9958838042643324, 0.42138506521519414, 71.29010978089583, 1.4253313277376938, 50.0, 2.7400436617955988, 19.0]
ntrees:  2180
auc: 0.7644104859496675
-----------
[0.1909117190074023, 65.15855549473167, 208.0, 1300.0, 14.0, 0.43565329694278965, 0.5492452950155116, 67.4583842776917, 1.3602705403402404, 36.0, 2.0170358487329705, 7.0]
ntrees:  25
auc: 0.7534061196039484
-----------
[0.49143319479472786, 19.027662840720705, 478.0, 600.0, 15.0, 0.746591936846406, 0.703007933962583, 97.45817929191178, 0.5312003327184872, 119.0, 4.691633679683203, 3.0]
ntrees:  10
auc: 0.7485538786101874
-----------
[0.06394838825214957, 34.74877404507145, 129.0, 142.0, 15.0, 0.9793689201527148, 0.8153299221528876, 63.68687150045966, 0.7420003278873355, 88.0, 4.48942582803849, 26.0]
ntrees:  128
auc: 0.7626738437520582
-----------
[0.25175210043386337, 9.561816225642513, 107.0, 926.0, 12.0, 0.6753619767579044, 0.7062873043993012, 70.12848723320738, 1.9765284794663667, 109.0, 4.204157826128013, 31.0]
ntrees:  31
auc: 0.7569569115262749
-----------
[0.29842993250872385, 70.18614176785806, 391.0, 1986.0, 17.0, 0.7739338047369952, 0.7069801674028635, 4.902780817728136, 1.27457041484579, 10.0, 4.4758002324240085, 37.0]
ntrees:  11
auc: 0.7454528615042317
-----------
[0.13734378237759148, 34.37791627057506, 166.0, 1200.0, 4.0, 0.708608438727836, 0.41139104509163354, 49.7667822140895, 1.5326276342022216, 45.0, 3.0038964076109456, 18.0]
ntrees:  53
auc: 0.757882500289863
-----------
[0.4904817238868939, 30.712256309390344, 141.0, 159.0, 4.0, 0.6105241381748557, 0.761690874706672, 57.096796855744984, 3.7870058453429594, 81.0, 4.349761542636647, 24.0]
ntrees:  22
auc: 0.7450430885652309
-----------
[0.024618362055104513, 56.82889436022227, 99.0, 890.0, 12.0, 0.6805046047793106, 0.4098037626484118, 56.80813636821329, 4.8433629026634115, 41.0, 4.347494013513087, 18.0]
ntrees:  451
auc: 0.7636168605164929
-----------
[0.19902321637828643, 12.392853043713952, 431.0, 1904.0, 19.0, 0.5425064579349054, 0.9290128469497184, 25.163628469136768, 2.3475381095738275, 17.0, 2.5646893245148377, 19.0]
ntrees:  16
auc: 0.7526669518432701
-----------
[0.007484728780487787, 69.26923982059134, 282.0, 775.0, 18.0, 0.9723685767387116, 0.4769940261556947, 30.08250569537769, 4.179735060880025, 52.0, 2.205143524102265, 45.0]
ntrees:  1321
auc: 0.7632941262482527
-----------
[0.18130139823910352, 16.53709448391713, 120.0, 1785.0, 8.0, 0.5297750587608614, 0.878586118775696, 5.972193063005305, 1.2835257494126644, 80.0, 2.7878730015971964, 15.0]
ntrees:  15
auc: 0.7489702767660094
-----------
[0.30654244846023526, 74.35376345093738, 405.0, 999.0, 1.0, 0.889550119039983, 0.6698495393970905, 62.67760607074574, 2.3290899219525696, 78.0, 1.0957353823540812, 27.0]
ntrees:  24
auc: 0.7551839055897306
-----------
[0.005211914716464551, 11.361502350421855, 126.0, 599.0, 3.6, 0.4962644850876282, 0.258592307866784, 71.29010978089583, 1.7899435025910315, 69.0, 1.101086013385152, 22.2]
ntrees:  3363
auc: 0.7652374960698416
-----------
[0.005211914716464551, 11.361502350421855, 126.0, 599.0, 3.6, 0.6980171360064009, 0.5011323636886389, 88.10740171674031, 1.0240998059788486, 50.0, 2.7400436617955988, 19.0]
ntrees:  2504
auc: 0.7647486324087025
-----------
[0.005211914716464551, 11.361502350421855, 126.0, 396.20000000000005, 3.6, 0.9958838042643324, 0.42138506521519414, 71.29010978089583, 1.4253313277376938, 69.0, 1.4358644699327776, 23.0]
ntrees:  2404
auc: 0.7650740364319186
-----------
[0.005211914716464551, 11.361502350421855, 126.0, 599.0, 12.0, 0.4396427526000933, 0.258592307866784, 71.29010978089583, 1.4253313277376938, 50.0, 2.7400436617955988, 19.0]
ntrees:  3467
auc: 0.7650463249619449
-----------
[0.005211914716464551, 11.361502350421855, 126.0, 599.0, 3.6, 0.9958838042643324, 0.42138506521519414, 71.29010978089583, 0.6504266669160859, 69.0, 2.5292999466228188, 19.3]
ntrees:  1949
auc: 0.7648540295717462
-----------
[0.005211914716464551, 11.361502350421855, 126.0, 599.0, 3.6, 0.9958838042643324, 0.17736474556883752, 71.29010978089583, 1.4253313277376938, 50.0, 2.7400436617955988, 19.0]
ntrees:  3390
auc: 0.7654321225396418
-----------
[0.005211914716464551, 11.361502350421855, 126.0, 599.0, 3.6, 0.9958838042643324, 0.42138506521519414, 71.29010978089583, 4.2336574751539455, 24.200000000000003, 3.2990029271347336, 23.0]
ntrees:  2138
auc: 0.7647190869173388
-----------
[0.005211914716464551, 11.361502350421855, 126.0, 599.0, 3.6, 0.6980171360064009, 0.258592307866784, 33.94297353625773, 1.4253313277376938, 50.0, 2.7400436617955988, 19.0]
ntrees:  1851
auc: 0.764976747919748
-----------
[0.005211914716464551, 33.888687093885466, 375.0, 599.0, 3.6, 0.9958838042643324, 0.258592307866784, 71.29010978089583, 1.4253313277376938, 50.0, 2.7400436617955988, 19.0]
ntrees:  2279
auc: 0.764619795344901
-----------
[0.005211914716464551, 11.361502350421855, 126.0, 180.44, 6.6000000000000005, 0.8057867008521933, 0.2536772461824088, 84.30597264033916, 4.2336574751539455, 36.0, 3.2990029271347336, 23.0]
ntrees:  3290
auc: 0.7650636496604097
-----------
[0.005211914716464551, 11.361502350421855, 126.0, 599.0, 3.6, 0.6980171360064009, 0.5011323636886389, 88.10740171674031, 1.7899435025910315, 13.0, 3.2990029271347336, 23.0]
ntrees:  3150
auc: 0.7649084720188758
-----------
[0.005211914716464551, 11.361502350421855, 126.0, 599.0, 12.0, 0.9958838042643324, 0.42138506521519414, 71.29010978089583, 1.7899435025910315, 69.0, 1.101086013385152, 22.2]
ntrees:  2491
auc: 0.7650248875025843
-----------
[0.005211914716464551, 11.361502350421855, 126.0, 599.0, 3.6, 0.6980171360064009, 0.5011323636886389, 88.10740171674031, 1.4253313277376938, 69.0, 1.4358644699327776, 23.0]
ntrees:  2943
auc: 0.7650057809738965
-----------
[0.005211914716464551, 11.361502350421855, 126.0, 599.0, 3.6, 0.9958838042643324, 0.5011323636886389, 88.10740171674031, 1.7899435025910315, 69.0, 1.101086013385152, 22.2]
ntrees:  2915
auc: 0.7650497470333143
-----------
[0.005211914716464551, 11.361502350421855, 126.0, 599.0, 3.6, 0.6980171360064009, 0.42138506521519414, 71.29010978089583, 1.4253313277376938, 69.0, 2.5292999466228188, 19.3]
ntrees:  2446
auc: 0.7650354424115295
-----------
[0.005211914716464551, 11.361502350421855, 96.80000000000001, 599.0, 3.6, 0.6980171360064009, 0.42138506521519414, 71.29010978089583, 4.2336574751539455, 36.0, 1.101086013385152, 22.2]
ntrees:  2470
auc: 0.7649049933098753
-----------
[0.005211914716464551, 11.361502350421855, 126.0, 599.0, 3.6, 0.6980171360064009, 0.5011323636886389, 43.734007512578984, 1.7899435025910315, 69.0, 3.2990029271347336, 23.0]
ntrees:  1792
auc: 0.7647340598431489
-----------
[0.005211914716464551, 33.888687093885466, 375.0, 195.6, 6.6000000000000005, 0.39459210222361135, 0.2799915430336549, 88.10740171674031, 1.7899435025910315, 69.0, 1.101086013385152, 22.2]
ntrees:  2769
auc: 0.76443377275704
-----------
[0.005211914716464551, 11.361502350421855, 126.0, 599.0, 3.6, 0.6980171360064009, 0.2536772461824088, 84.30597264033916, 4.2336574751539455, 36.0, 3.2990029271347336, 23.0]
ntrees:  4258
auc: 0.7651324178193377
-----------
[0.005211914716464551, 11.361502350421855, 126.0, 599.0, 3.6, 0.9958838042643324, 0.42138506521519414, 71.29010978089583, 1.4253313277376938, 69.0, 1.4358644699327776, 23.0]
ntrees:  2404
auc: 0.7650740364319186
-----------
[0.005211914716464551, 11.361502350421855, 126.0, 599.0, 12.0, 0.9958838042643324, 0.42138506521519414, 71.29010978089583, 1.4253313277376938, 69.0, 2.5292999466228188, 19.3]
ntrees:  2618
auc: 0.7651147331651714
-----------
[0.005211914716464551, 11.361502350421855, 126.0, 309.8, 3.6, 0.6980171360064009, 0.5011323636886389, 88.10740171674031, 1.7899435025910315, 69.0, 1.101086013385152, 22.2]
ntrees:  3168
auc: 0.7652269611694479
-----------
[0.005211914716464551, 11.361502350421855, 126.0, 599.0, 3.6, 0.9958838042643324, 0.258592307866784, 71.29010978089583, 1.4253313277376938, 50.0, 3.2990029271347336, 23.0]
ntrees:  2591
auc: 0.7654087499334608
-----------
[0.005211914716464551, 33.888687093885466, 375.0, 105.64000000000001, 12.0, 0.9958838042643324, 0.42138506521519414, 71.29010978089583, 4.2336574751539455, 36.0, 2.7400436617955988, 19.0]
ntrees:  2413
auc: 0.7645957602789486
-----------
[0.005211914716464551, 11.361502350421855, 375.0, 195.6, 6.500000000000001, 0.9958838042643324, 0.258592307866784, 71.29010978089583, 1.4253313277376938, 69.0, 1.101086013385152, 45.0]
ntrees:  2714
auc: 0.7653735399541596
-----------
[0.005211914716464551, 33.888687093885466, 126.0, 599.0, 3.6, 0.9958838042643324, 0.258592307866784, 71.29010978089583, 1.4253313277376938, 50.0, 2.7400436617955988, 19.0]
ntrees:  2398
auc: 0.7645914475951406
-----------
[0.005211914716464551, 11.361502350421855, 126.0, 599.0, 3.6, 0.9958838042643324, 0.42138506521519414, 71.29010978089583, 4.2336574751539455, 36.0, 1.5781364598440772, 23.0]
ntrees:  2179
auc: 0.7647287970153778
-----------
[0.005211914716464551, 11.361502350421855, 126.0, 599.0, 3.6, 0.9958838042643324, 0.258592307866784, 71.29010978089583, 1.4253313277376938, 50.0, 1.4727662524220317, 23.0]
ntrees:  2591
auc: 0.7653801086959061
-----------
[0.005211914716464551, 33.888687093885466, 375.0, 195.6, 12.0, 0.9958838042643324, 0.258592307866784, 71.29010978089583, 1.4253313277376938, 69.0, 2.7400436617955988, 10.200000000000001]
ntrees:  2078
auc: 0.7646450196196504
-----------
[0.005211914716464551, 33.888687093885466, 375.0, 195.6, 3.6, 0.9958838042643324, 0.258592307866784, 71.29010978089583, 1.4253313277376938, 50.0, 2.7400436617955988, 19.0]
ntrees:  2067
auc: 0.7645994990212778
-----------
[0.005211914716464551, 11.361502350421855, 126.0, 346.70000000000005, 6.6000000000000005, 0.8057867008521933, 0.5229102535242239, 84.30597264033916, 4.2336574751539455, 36.0, 3.2990029271347336, 23.0]
ntrees:  2600
auc: 0.7647790732705536
-----------
[0.005211914716464551, 33.888687093885466, 375.0, 195.6, 6.6000000000000005, 0.8057867008521933, 0.2536772461824088, 84.30597264033916, 4.2336574751539455, 36.0, 1.4358644699327776, 23.0]
ntrees:  2299
auc: 0.7647620225463252
-----------
[0.005211914716464551, 11.361502350421855, 126.0, 599.0, 12.0, 0.9958838042643324, 0.42138506521519414, 71.29010978089583, 1.4253313277376938, 69.0, 3.2990029271347336, 23.0]
ntrees:  2033
auc: 0.764955216521986
-----------
[0.005211914716464551, 33.888687093885466, 375.0, 195.6, 12.0, 0.9958838042643324, 0.258592307866784, 71.29010978089583, 1.4253313277376938, 50.0, 2.7400436617955988, 19.0]
ntrees:  2066
auc: 0.7646078854657198
-----------
[0.005211914716464551, 33.888687093885466, 375.0, 195.6, 3.6, 0.9958838042643324, 0.42138506521519414, 71.29010978089583, 1.4253313277376938, 69.0, 2.5292999466228188, 19.3]
ntrees:  2181
auc: 0.7644805858465723
-----------
[0.005211914716464551, 11.361502350421855, 126.0, 599.0, 6.6000000000000005, 0.8057867008521933, 0.2536772461824088, 84.30597264033916, 4.2336574751539455, 36.0, 3.2990029271347336, 14.000000000000002]
ntrees:  4046
auc: 0.7651287403328675
-----------
[0.28838363757425073, 15.033212618935046, 321.0, 400.0, 12.0, 0.6866302284104502, 0.7062439001193426, 8.328083681665843, 2.8535158506954827, 80.0, 4.8848548985887135, 10.0]
ntrees:  9
auc: 0.7444773948683319
-----------
[0.18002052687019807, 9.965572771776204, 63.0, 360.0, 7.0, 0.44583880395026193, 0.951301475791434, 87.520230355456, 1.8731725199498213, 38.0, 1.4493340502540892, 14.0]
ntrees:  76
auc: 0.7597474972432974
-----------
[0.02739545596916393, 46.250957268273844, 80.0, 1013.0, 15.0, 0.4335345114626411, 0.9302346954493746, 34.61247543201278, 4.688591940759307, 29.0, 3.3018212027912783, 29.0]
ntrees:  229
auc: 0.758775834345544
-----------
[0.44065498263267555, 69.98383449027652, 435.0, 545.0, 14.0, 0.7289631366505289, 0.4400334150779378, 33.817277969010185, 1.3543785755739424, 23.0, 1.1358943198928215, 12.0]
ntrees:  11
auc: 0.7419511409888582
-----------
[0.26536121750228975, 3.4554540893138994, 370.0, 1086.0, 2.0, 0.5803797120160314, 0.91736405900387, 46.27304246362426, 3.6291283216945662, 33.0, 4.416606805717844, 15.0]
ntrees:  39
auc: 0.758674523474686
-----------
[0.1924157269682467, 20.866942593249448, 454.0, 1253.0, 15.0, 0.9805959332020172, 0.8310529295423184, 88.24705789555279, 2.911278432058676, 87.0, 3.0919751462655807, 21.0]
ntrees:  47
auc: 0.760745915885763
-----------
[0.24354771915544376, 11.105165880028016, 143.0, 618.0, 9.0, 0.5575259253409061, 0.44789324388958535, 49.96981655650053, 1.31960577239495, 46.0, 1.5173680957937772, 41.0]
ntrees:  34
auc: 0.7538506057795705
-----------
[0.19733195551889665, 63.8123409634404, 343.0, 950.0, 9.0, 0.6809053132961818, 0.9911876024015231, 52.043179512702665, 0.07145409208206999, 96.0, 2.3048923222278654, 35.0]
ntrees:  28
auc: 0.7545769067114116
-----------
[0.14000413949255036, 21.290457598530487, 184.0, 1576.0, 16.0, 0.6555527511615753, 0.7909544874714257, 42.93889775086971, 4.955786321469916, 61.0, 1.3478374125098482, 23.0]
ntrees:  53
auc: 0.7586389497894942
