-----------
[0.011878857605065265, 10.851273008316747, 287.0, 739.0, 3.0, 0.9494528058727572, 0.9679354320100699, 3.944885445823133, 0.5841200149641762, 7.4, 2.4248606975818556, 15.0]
ntrees:  140
auc: 0.7900620717574962
-----------
[0.011878857605065265, 10.851273008316747, 287.0, 739.0, 3.0, 0.9494528058727572, 0.9679354320100699, 3.944885445823133, 0.5841200149641762, 7.4, 2.4248606975818556, 15.0]
ntrees:  328
auc: 0.7594416378070348
-----------
[0.01, 1, 255, 13, 10, 0.33, 0.05, 0, 1, 80, 1, 5]
ntrees:  47
auc: 0.7399914007286368
-----------
[0.01, 1.0, 255.0, 13.0, 10.0, 0.33, 0.05, 0.0, 1.0, 80.0, 1.0, 5.0]
ntrees:  47
auc: 0.7399914007286368
-----------
[0.06723399277576415, 42.417840880703395, 301.0, 1723.0, 14.0, 0.9881123249478749, 0.40709849535378223, 29.739012365207618, 4.343705185780052, 45.0, 3.80411747606595, 44.0]
ntrees:  176
auc: 0.761989751527737
-----------
[0.4025355152159754, 42.372027393175614, 195.0, 1182.0, 5.0, 0.9729215778515515, 0.8605998697061916, 87.22405760267132, 0.686951351721905, 18.0, 3.7033073415579376, 30.0]
ntrees:  18
auc: 0.7511811070372455
-----------
[0.37502377663658226, 82.14188557465062, 318.0, 1591.0, 19.0, 0.5993003000902517, 0.625655773108365, 35.07163577258464, 3.7216132904244335, 56.0, 2.205887167024907, 3.0]
ntrees:  7
auc: 0.7423562602769327
-----------
[0.41958066895152285, 50.69525286313766, 88.0, 1116.0, 1.0, 0.7106231253810439, 0.913577602994781, 17.214054897879006, 0.015955882422786782, 99.0, 2.79099395863619, 39.0]
ntrees:  5
auc: 0.7404363204346995
-----------
[0.14613160216160911, 86.98651262488471, 482.0, 132.0, 2.0, 0.7525538712164379, 0.8140194153659597, 44.16147241985245, 3.5035731229385245, 67.0, 4.784279116862331, 2.0]
ntrees:  56
auc: 0.7580464846164678
-----------
[0.3839019823441278, 99.62012468186745, 242.0, 843.0, 11.0, 0.6128370179666791, 0.4340533709026738, 72.38840724656407, 4.344510870195709, 76.0, 1.6857916303255709, 9.0]
ntrees:  18
auc: 0.7498108120917548
-----------
[0.1576290241605586, 86.16727696509868, 480.0, 166.0, 3.0, 0.579452315030491, 0.6659471092042123, 82.69812344748529, 1.6417726409255824, 102.0, 3.7548521650899898, 18.0]
ntrees:  53
auc: 0.7566387639733
-----------
[0.34470171790769655, 60.530244892455485, 301.0, 521.0, 17.0, 0.9251286155902098, 0.7844135251978871, 54.98837357453701, 0.4661458306956634, 26.0, 3.5873447433066703, 45.0]
ntrees:  17
auc: 0.7496906007788475
-----------
[0.15538182224817582, 33.81414191185578, 448.0, 1413.0, 4.0, 0.48371043285516957, 0.7707286659176675, 36.115237382725496, 1.3954374918778418, 87.0, 3.98181642960196, 27.0]
ntrees:  30
auc: 0.7547389740701338
-----------
[0.2506229661890484, 78.63499892983066, 415.0, 28.0, 10.0, 0.8344846862914852, 0.7243855871266669, 26.021697323190974, 4.449731531738553, 11.0, 3.408620471250395, 28.0]
ntrees:  36
auc: 0.7559091002559415
-----------
[0.26819939227304007, 59.04501512811115, 52.0, 17.0, 4.0, 0.5281613864604837, 0.9458961825611074, 6.483734156527787, 2.7678947205196813, 70.0, 3.3538689944619944, 41.0]
ntrees:  27
auc: 0.7533061029953954
-----------
[0.36011317573874974, 35.31860164798727, 98.0, 1607.0, 9.0, 0.6727360902912819, 0.4072602616267383, 76.63957168244659, 0.30328399150010843, 95.0, 3.8930886646349965, 12.0]
ntrees:  18
auc: 0.7506663204554375
-----------
[0.07681952229623797, 76.54801787548409, 56.0, 1181.0, 18.0, 0.47649963175034393, 0.946319334327031, 90.5505691224738, 1.5244704166175194, 91.0, 2.9938248253954556, 41.0]
ntrees:  122
auc: 0.7592036746545228
-----------
[0.42361297308848217, 31.778866483747205, 444.0, 2016.0, 18.0, 0.47089270379684944, 0.7951563224604477, 47.55964908222982, 1.8200107688065925, 89.0, 1.0406306774695206, 12.0]
ntrees:  11
auc: 0.7455742645528629
-----------
[0.16467903088525424, 74.30040973977484, 254.0, 1439.0, 11.0, 0.6353152522786448, 0.5479542097561305, 48.301771692862815, 1.6503460854884482, 40.0, 1.194652151180195, 22.0]
ntrees:  45
auc: 0.755360054148563
-----------
[0.06217454413649299, 50.950587223343774, 219.0, 662.0, 13.0, 0.9850247690510442, 0.6674540179970798, 20.997825929294546, 2.4595988679529874, 91.0, 2.5712643279062894, 18.0]
ntrees:  112
auc: 0.7614456496445975
-----------
[0.4372253529867833, 99.27570143013803, 472.0, 1869.0, 9.0, 0.7556389935755201, 0.5868990057357077, 65.16474352013994, 1.6621001109393148, 111.0, 1.6370758580482514, 29.0]
ntrees:  18
auc: 0.7479582277965078
-----------
[0.458496837705533, 42.631892706611715, 260.0, 1354.0, 16.0, 0.7473414166154634, 0.46129784177040345, 47.981324894681165, 2.1577501527074587, 107.0, 1.2979640733568227, 1.0]
ntrees:  9
auc: 0.7437482570109268
-----------
[0.03848880808149627, 94.34627643364306, 457.0, 1195.0, 15.0, 0.9458676731430254, 0.48123670560094023, 52.96474965710492, 2.177603833145916, 79.0, 3.5541712297787678, 48.0]
ntrees:  252
auc: 0.7627822497227298
-----------
[0.3725737885877935, 94.30899246714213, 473.0, 1173.0, 8.0, 0.4260738139514047, 0.5407274595761011, 57.39212845817472, 4.870925614955585, 96.0, 1.462709535771114, 33.0]
ntrees:  24
auc: 0.7485978715871914
-----------
[0.32439568273695274, 45.60224061917936, 445.0, 807.0, 18.0, 0.7076487516154384, 0.7415474830226638, 84.59560384276946, 1.3307764808861484, 95.0, 1.6565031613822474, 1.0]
ntrees:  21
auc: 0.7535105854137186
-----------
[0.09207361060321899, 24.46780291704322, 41.0, 1910.0, 5.0, 0.8684565918194644, 0.4632842681050386, 66.64127778519213, 0.6067030173190607, 42.0, 1.648067407660145, 36.0]
ntrees:  104
auc: 0.762106345750958
-----------
[0.10372045029692983, 31.312638008337284, 357.0, 926.0, 6.0, 0.9143529742632932, 0.5428333033935707, 32.2199720479408, 3.4809043545182208, 100.0, 3.7287214390793864, 39.0]
ntrees:  99
auc: 0.7607237412978283
-----------
[0.04323735367407891, 63.43083985113805, 156.0, 1294.0, 13.0, 0.9783499294516966, 0.8535667043704487, 71.79739409242148, 3.7003607591688263, 7.0, 3.452775732477401, 46.0]
ntrees:  257
auc: 0.7631857210208567
-----------
[0.22403157439748517, 13.593186584685213, 257.0, 1771.0, 4.0, 0.9664169922295186, 0.9667602526861049, 55.64681383611685, 0.8920675130894035, 71.0, 4.348704885777687, 30.0]
ntrees:  28
auc: 0.7577837623337019
-----------
[0.3145636937073427, 28.05254302267204, 204.0, 1796.0, 5.0, 0.992876032456451, 0.5387407493261056, 56.735896992472554, 4.001924201830121, 18.0, 2.5045149847273107, 31.0]
ntrees:  43
auc: 0.7531096087206508
-----------
[0.28540881909987303, 26.43627726271067, 484.0, 735.0, 15.0, 0.6857529294694031, 0.5105469481384804, 52.33838478064057, 3.9399562472135945, 97.0, 1.57396534355299, 5.0]
ntrees:  18
auc: 0.7523114542106037
-----------
[0.35214289252661035, 11.264493843191383, 430.0, 601.0, 11.0, 0.6352175573422938, 0.8652443857748182, 66.6130229881889, 0.4879272234851234, 37.0, 2.070236586790621, 16.0]
ntrees:  15
auc: 0.748313833389538
-----------
[0.23496558469231735, 2.0232670739264926, 296.0, 722.0, 1.0, 0.6063962921783521, 0.6784823245551124, 18.334127312131976, 2.4274984013931755, 52.0, 2.9419984299258353, 7.0]
ntrees:  69
auc: 0.7594307231882862
-----------
[0.2809011965811212, 97.06235487382922, 53.0, 909.0, 6.0, 0.9445476502074878, 0.8014542133475593, 87.11128369279203, 3.2839200433544975, 91.0, 2.109079005903175, 39.0]
ntrees:  37
auc: 0.7566353094144735
-----------
[0.30092900166754866, 78.40994515285784, 481.0, 1490.0, 4.0, 0.9981884416388861, 0.648290416459512, 68.54062560196951, 4.449794564088314, 78.0, 1.9779827521768274, 1.0]
ntrees:  38
auc: 0.7556360566803566
-----------
[0.37151348303654785, 39.09938731715208, 167.0, 1147.0, 16.0, 0.7053361714385122, 0.6273931775156263, 70.80194545184693, 4.565278950587384, 30.0, 1.9089413151781849, 42.0]
ntrees:  32
auc: 0.751659383866418
-----------
[0.3557427156121021, 61.407968299988134, 83.0, 1935.0, 3.0, 0.7739262594166474, 0.6745525351453561, 59.42175044577077, 4.695484997334394, 8.0, 4.76581045648748, 30.0]
ntrees:  30
auc: 0.7519376600674591
-----------
[0.3391622190578811, 68.03335111436901, 214.0, 1258.0, 7.0, 0.7365384080664052, 0.9742928185883757, 21.791318610858955, 0.5669657485104823, 85.0, 4.423381338988426, 3.0]
ntrees:  9
auc: 0.7446310216928552
-----------
[0.05045365834172241, 8.122764861490227, 473.0, 1728.0, 4.0, 0.6206427525949737, 0.43168146936231017, 85.23343922392479, 3.2982754225278397, 118.0, 2.7838729212181517, 35.0]
ntrees:  339
auc: 0.7644834313755267
-----------
[0.3447252626505922, 92.70721080897759, 237.0, 1401.0, 4.0, 0.9460059774877463, 0.4126908727205265, 12.123770732950657, 1.266119593227208, 65.0, 2.834371836849956, 34.0]
ntrees:  14
auc: 0.7431358619087751
-----------
[0.27680618073225516, 13.66516595062756, 70.0, 2010.0, 1.0, 0.9221927460806254, 0.7598246592824818, 74.80189890294646, 4.2978395773188405, 73.0, 2.3856726079541226, 48.0]
ntrees:  39
auc: 0.7576724869975957
-----------
[0.3545960246345435, 79.11003080926821, 182.0, 266.0, 9.0, 0.568643562836362, 0.7219312944159816, 56.44503293446876, 1.641768698947867, 39.0, 4.384319315202934, 11.0]
ntrees:  11
auc: 0.7483745632790637
-----------
[0.26104921713231505, 39.314705440158, 78.0, 2012.0, 7.0, 0.45392923078292513, 0.42625823932436513, 85.78737615870561, 0.6221303273414147, 28.0, 4.3825938825030155, 15.0]
ntrees:  27
auc: 0.75371000043958
-----------
[0.4419760473216557, 17.5905505533446, 454.0, 349.0, 10.0, 0.5928184469190616, 0.9135536421615114, 33.36465295798251, 3.2500140218649305, 21.0, 4.99985446080922, 25.0]
ntrees:  21
auc: 0.7403642503827095
-----------
[0.036929433115287555, 80.96418140414877, 418.0, 35.0, 16.0, 0.8217689321423751, 0.9956840476273001, 20.624464927719487, 1.9247247593841244, 112.0, 2.9671149166649555, 15.0]
ntrees:  270
auc: 0.7615125044839931
-----------
[0.4810068307019693, 41.315563644138535, 379.0, 680.0, 9.0, 0.8672282585520091, 0.5941581270293483, 3.7423071978638256, 2.4302029994600174, 110.0, 4.567323289095713, 21.0]
ntrees:  9
auc: 0.7311588544312748
-----------
[0.45263297689810655, 69.85079215959648, 157.0, 1180.0, 18.0, 0.9195548683833649, 0.7112380520223973, 29.59857916479953, 3.1700988822424687, 38.0, 3.1753109058196607, 22.0]
ntrees:  9
auc: 0.742933808104793
-----------
[0.15235478006691822, 98.83778028039019, 488.0, 1940.0, 18.0, 0.42885598757370025, 0.8585613555811347, 53.646244328978085, 3.908079391819039, 11.0, 1.2059274230006762, 39.0]
ntrees:  39
auc: 0.7533421971709517
-----------
[0.24232503944942455, 56.455923031641056, 323.0, 582.0, 18.0, 0.9824812408126066, 0.46081526282778024, 16.891579180067986, 3.128691379757128, 17.0, 3.5328159876711642, 27.0]
ntrees:  18
auc: 0.7509171147046734
-----------
[0.3889689844750653, 97.09047006673667, 332.0, 317.0, 3.0, 0.9505059166940849, 0.4418045923756878, 26.408007199008043, 2.3140385272739685, 5.0, 4.840206079026303, 3.0]
ntrees:  8
auc: 0.7431574562918936
-----------
[0.4130082105692315, 54.68569104407651, 510.0, 1033.0, 4.0, 0.4287648937107369, 0.6634103971021277, 73.58886360099888, 3.8089600261970915, 91.0, 4.529406771281314, 4.0]
ntrees:  8
auc: 0.7444713170972292
-----------
[0.06547794066724348, 41.8055292925489, 421.0, 1211.0, 19.0, 0.4324974350344313, 0.561145604611421, 56.37494293503698, 2.571875363575773, 102.0, 3.694105149446381, 12.0]
ntrees:  153
auc: 0.7607505952004016
-----------
[0.07789349775073585, 28.243913718389056, 123.0, 1646.0, 6.0, 0.8304805458911673, 0.4899441014038528, 79.56994772725099, 0.4792430801985692, 17.0, 1.1557591960858784, 3.0]
ntrees:  105
auc: 0.7619827793572744
-----------
[0.04323735367407891, 63.43083985113805, 156.0, 1294.0, 13.0, 0.9783499294516966, 0.40485145121968447, 71.79739409242148, 3.7003607591688263, 7.0, 2.7838729212181517, 35.0]
ntrees:  277
auc: 0.7634253178462924
-----------
[0.05045365834172241, 8.122764861490227, 473.0, 1728.0, 4.0, 0.6206427525949737, 0.43168146936231017, 85.23343922392479, 3.2982754225278397, 118.0, 3.452775732477401, 46.0]
ntrees:  286
auc: 0.7639632895012316
-----------
[0.03848880808149627, 94.34627643364306, 457.0, 1195.0, 15.0, 0.9458676731430254, 0.48123670560094023, 85.23343922392479, 3.2982754225278397, 118.0, 2.7838729212181517, 35.0]
ntrees:  290
auc: 0.7636678994250686
-----------
[0.05045365834172241, 8.122764861490227, 473.0, 1728.0, 4.0, 0.6206427525949737, 0.43168146936231017, 52.96474965710492, 2.177603833145916, 79.0, 3.5541712297787678, 48.0]
ntrees:  246
auc: 0.7641893822417889
-----------
[0.09207361060321899, 24.46780291704322, 41.0, 1910.0, 5.0, 0.8684565918194644, 0.4632842681050386, 66.64127778519213, 0.6067030173190607, 42.0, 2.7838729212181517, 35.0]
ntrees:  103
auc: 0.761808151494135
-----------
[0.05045365834172241, 8.122764861490227, 473.0, 1728.0, 4.0, 0.6206427525949737, 0.43168146936231017, 85.23343922392479, 3.2982754225278397, 118.0, 1.648067407660145, 36.0]
ntrees:  305
auc: 0.7643696353318707
-----------
[0.06723399277576415, 42.417840880703395, 301.0, 1723.0, 14.0, 0.6206427525949737, 0.2317422195411439, 85.23343922392479, 3.2982754225278397, 118.0, 2.7838729212181517, 35.0]
ntrees:  289
auc: 0.7629277392813372
-----------
[0.05045365834172241, 8.122764861490227, 473.0, 1728.0, 4.0, 0.9881123249478749, 0.40709849535378223, 29.739012365207618, 4.343705185780052, 45.0, 3.80411747606595, 22.3]
ntrees:  185
auc: 0.7643708345947821
-----------
[0.05045365834172241, 28.243913718389056, 123.0, 1646.0, 6.0, 0.8304805458911673, 0.4899441014038528, 79.56994772725099, 0.4792430801985692, 17.0, 1.1557591960858784, 3.0]
ntrees:  179
auc: 0.7634329414828848
-----------
[0.07789349775073585, 8.122764861490227, 473.0, 1728.0, 4.0, 0.6206427525949737, 0.43168146936231017, 85.23343922392479, 3.2982754225278397, 118.0, 2.7838729212181517, 35.0]
ntrees:  200
auc: 0.7632863387175263
-----------
[0.05045365834172241, 8.122764861490227, 473.0, 1728.0, 4.0, 0.6206427525949737, 0.43168146936231017, 85.23343922392479, 1.9247247593841244, 112.0, 2.9671149166649555, 15.0]
ntrees:  324
auc: 0.7645105517575849
-----------
[0.036929433115287555, 40.21878647317805, 418.0, 185.8, 16.0, 0.8217689321423751, 0.9956840476273001, 20.624464927719487, 3.2982754225278397, 118.0, 2.7838729212181517, 35.0]
ntrees:  175
auc: 0.7615440838363383
-----------
[0.03848880808149627, 94.34627643364306, 457.0, 486.7, 15.0, 0.9458676731430254, 0.48123670560094023, 52.96474965710492, 2.177603833145916, 7.0, 3.452775732477401, 46.0]
ntrees:  268
auc: 0.7628802308563367
-----------
[0.04323735367407891, 63.43083985113805, 156.0, 1294.0, 13.0, 0.9783499294516966, 0.8535667043704487, 71.79739409242148, 3.7003607591688263, 79.0, 3.5541712297787678, 48.0]
ntrees:  268
auc: 0.7632134227331769
-----------
[0.06217454413649299, 50.950587223343774, 219.0, 662.0, 13.0, 0.9850247690510442, 0.43168146936231017, 85.23343922392479, 3.2982754225278397, 118.0, 2.7838729212181517, 35.0]
ntrees:  242
auc: 0.7635695831962468
-----------
[0.05045365834172241, 8.122764861490227, 473.0, 1728.0, 4.0, 0.3079900096701288, 0.6674540179970798, 20.997825929294546, 2.4595988679529874, 91.0, 2.5712643279062894, 18.0]
ntrees:  153
auc: 0.7601384527999804
-----------
[0.09207361060321899, 24.46780291704322, 156.0, 1294.0, 13.0, 0.9783499294516966, 0.8535667043704487, 71.79739409242148, 3.7003607591688263, 7.0, 3.452775732477401, 46.0]
ntrees:  112
auc: 0.7625522359217939
-----------
[0.04323735367407891, 63.43083985113805, 41.0, 1910.0, 5.0, 0.8684565918194644, 0.4632842681050386, 66.64127778519213, 0.6067030173190607, 42.0, 1.648067407660145, 36.0]
ntrees:  197
auc: 0.7631752256589956
-----------
[0.05045365834172241, 8.122764861490227, 473.0, 1728.0, 4.0, 0.6206427525949737, 0.43168146936231017, 85.23343922392479, 3.2982754225278397, 118.0, 3.694105149446381, 12.0]
ntrees:  556
auc: 0.7645344233206129
-----------
[0.06547794066724348, 41.8055292925489, 421.0, 1211.0, 19.0, 0.4324974350344313, 0.561145604611421, 56.37494293503698, 2.571875363575773, 102.0, 2.7838729212181517, 35.0]
ntrees:  127
auc: 0.7600625409719062
-----------
[0.10372045029692983, 31.312638008337284, 357.0, 926.0, 6.0, 0.9143529742632932, 0.5428333033935707, 32.2199720479408, 3.2982754225278397, 118.0, 2.7838729212181517, 35.0]
ntrees:  69
auc: 0.7597926117129792
-----------
[0.05045365834172241, 8.122764861490227, 473.0, 1728.0, 4.0, 0.6206427525949737, 0.43168146936231017, 85.23343922392479, 3.4809043545182208, 100.0, 3.7287214390793864, 39.0]
ntrees:  332
auc: 0.7640604509019588
-----------
[0.06723399277576415, 42.417840880703395, 301.0, 1723.0, 14.0, 0.9881123249478749, 0.40709849535378223, 71.79739409242148, 3.7003607591688263, 7.0, 3.452775732477401, 46.0]
ntrees:  207
auc: 0.7636417584258043
-----------
[0.04323735367407891, 63.43083985113805, 156.0, 1294.0, 5.800000000000001, 0.43758523991089154, 0.8535667043704487, 29.739012365207618, 4.343705185780052, 45.0, 3.80411747606595, 44.0]
ntrees:  178
auc: 0.7571483105966278
-----------
[0.04323735367407891, 63.43083985113805, 156.0, 1646.0, 6.0, 0.8304805458911673, 0.4899441014038528, 79.56994772725099, 0.4792430801985692, 17.0, 1.1557591960858784, 3.0]
ntrees:  233
auc: 0.7628527821324305
-----------
[0.07789349775073585, 28.243913718389056, 123.0, 1294.0, 13.0, 0.9783499294516966, 0.8535667043704487, 71.79739409242148, 3.7003607591688263, 7.0, 3.452775732477401, 46.0]
ntrees:  112
auc: 0.7620602233484584
-----------
[0.03848880808149627, 94.34627643364306, 211.5, 1195.0, 15.0, 0.9458676731430254, 0.48123670560094023, 52.96474965710492, 0.6067030173190607, 42.0, 1.648067407660145, 36.0]
ntrees:  238
auc: 0.7626740083143044
-----------
[0.09207361060321899, 24.46780291704322, 64.5, 1910.0, 5.0, 0.8684565918194644, 0.4632842681050386, 66.64127778519213, 2.177603833145916, 79.0, 3.5541712297787678, 48.0]
ntrees:  161
auc: 0.7626907414758568
-----------
[0.06723399277576415, 42.417840880703395, 301.0, 498.1, 6.6, 0.9458676731430254, 0.48123670560094023, 52.96474965710492, 2.177603833145916, 79.0, 3.5541712297787678, 48.0]
ntrees:  148
auc: 0.7623889248147824
-----------
[0.03848880808149627, 94.34627643364306, 457.0, 1723.0, 14.0, 0.9881123249478749, 0.40709849535378223, 29.739012365207618, 4.343705185780052, 45.0, 3.80411747606595, 44.0]
ntrees:  212
auc: 0.7619130828150766
-----------
[0.03848880808149627, 94.34627643364306, 457.0, 1195.0, 15.0, 0.8304805458911673, 0.4899441014038528, 79.56994772725099, 0.4792430801985692, 17.0, 1.1557591960858784, 3.0]
ntrees:  254
auc: 0.7629754847790695
-----------
[0.07789349775073585, 28.243913718389056, 123.0, 1646.0, 6.0, 0.9458676731430254, 0.48123670560094023, 52.96474965710492, 2.177603833145916, 79.0, 3.5541712297787678, 48.0]
ntrees:  110
auc: 0.7628030784477875
-----------
[0.04323735367407891, 63.43083985113805, 156.0, 1294.0, 16.0, 0.8217689321423751, 0.9956840476273001, 20.624464927719487, 1.9247247593841244, 112.0, 1.5346240264867463, 15.0]
ntrees:  136
auc: 0.7607389925778202
-----------
[0.036929433115287555, 80.96418140414877, 418.0, 35.0, 13.0, 0.9783499294516966, 0.8535667043704487, 71.79739409242148, 3.7003607591688263, 7.0, 3.452775732477401, 46.0]
ntrees:  413
auc: 0.7633760486837133
-----------
[0.06217454413649299, 50.950587223343774, 104.00000000000001, 1294.0, 13.0, 0.9783499294516966, 0.8535667043704487, 71.79739409242148, 3.7003607591688263, 7.0, 3.452775732477401, 46.0]
ntrees:  175
auc: 0.7622222814614531
-----------
[0.04323735367407891, 63.43083985113805, 156.0, 662.0, 13.0, 0.9850247690510442, 0.6674540179970798, 20.997825929294546, 2.4595988679529874, 91.0, 2.5712643279062894, 18.0]
ntrees:  157
auc: 0.7613806201072648
-----------
[0.03848880808149627, 94.34627643364306, 457.0, 35.0, 16.0, 0.8217689321423751, 0.9956840476273001, 20.624464927719487, 1.9247247593841244, 112.0, 2.9671149166649555, 15.0]
ntrees:  363
auc: 0.7613245454435625
-----------
[0.036929433115287555, 80.96418140414877, 418.0, 1195.0, 15.0, 0.9458676731430254, 0.48123670560094023, 52.96474965710492, 2.177603833145916, 79.0, 3.5541712297787678, 48.0]
ntrees:  280
auc: 0.763258108326333
-----------
[0.06217454413649299, 50.950587223343774, 219.0, 662.0, 13.0, 0.9850247690510442, 0.6674540179970798, 26.19720581734836, 2.177603833145916, 79.0, 3.5541712297787678, 48.0]
ntrees:  111
auc: 0.7610162809465091
-----------
[0.03848880808149627, 94.34627643364306, 457.0, 1195.0, 15.0, 0.9458676731430254, 0.48123670560094023, 20.997825929294546, 2.4595988679529874, 91.0, 2.5712643279062894, 18.0]
ntrees:  197
auc: 0.7615683248054094
-----------
[0.06723399277576415, 42.417840880703395, 301.0, 1723.0, 14.0, 0.9881123249478749, 0.40709849535378223, 29.739012365207618, 4.343705185780052, 45.0, 1.648067407660145, 36.0]
ntrees:  174
auc: 0.7612344289709575
-----------
[0.09207361060321899, 24.46780291704322, 41.0, 1910.0, 5.0, 0.8684565918194644, 0.4632842681050386, 66.64127778519213, 0.6067030173190607, 42.0, 3.80411747606595, 44.0]
ntrees:  92
auc: 0.7620890574621443
-----------
[0.3652394992698427, 40.424301080486785, 140.0, 822.0, 1.0, 0.8022616086720282, 0.7426062145125749, 22.385576156804998, 0.3403941888326789, 5.0, 2.7832340644726794, 23.0]
ntrees:  10
auc: 0.7401661159247594
-----------
[0.018162219803170634, 76.62559028484198, 172.0, 2033.0, 6.0, 0.8747726483552954, 0.9936574977678444, 69.5048898621188, 0.9351291926030403, 99.0, 3.4775001123714118, 9.0]
ntrees:  559
auc: 0.7631312612981865
-----------
[0.3547949828533362, 86.34976032252628, 227.0, 1152.0, 6.0, 0.8847136473319833, 0.4504221546549561, 92.51412100370253, 1.7551775427118343, 79.0, 2.6861940707736847, 10.0]
ntrees:  19
auc: 0.7539364826656921
-----------
[0.05045365834172241, 8.122764861490227, 473.0, 1728.0, 4.0, 0.6206427525949737, 0.43168146936231017, 85.23343922392479, 3.2982754225278397, 112.0, 2.9671149166649555, 15.0]
ntrees:  442
auc: 0.7647601601885341
-----------
[0.05045365834172241, 8.122764861490227, 473.0, 1728.0, 4.0, 0.6206427525949737, 0.43168146936231017, 85.23343922392479, 1.9247247593841244, 52.5, 2.7838729212181517, 35.0]
ntrees:  318
auc: 0.7639329729203191
-----------
[0.04412404042240163, 8.122764861490227, 473.0, 1728.0, 4.0, 0.9881123249478749, 0.40709849535378223, 29.739012365207618, 4.343705185780052, 45.0, 3.80411747606595, 22.3]
ntrees:  249
auc: 0.7644811374148449
-----------
[0.05045365834172241, 8.122764861490227, 473.0, 1728.0, 4.0, 0.6206427525949737, 0.43168146936231017, 85.23343922392479, 3.2982754225278397, 118.0, 3.694105149446381, 6.200000000000001]
ntrees:  528
auc: 0.7648030101290858
-----------
[0.05045365834172241, 8.122764861490227, 473.0, 1728.0, 4.0, 0.6206427525949737, 0.43168146936231017, 85.23343922392479, 1.5760208614094342, 59.1, 1.648067407660145, 36.0]
ntrees:  365
auc: 0.764387614608124
-----------
[0.05045365834172241, 8.122764861490227, 473.0, 1728.0, 4.0, 0.9881123249478749, 0.40709849535378223, 29.739012365207618, 4.343705185780052, 112.0, 2.9671149166649555, 9.7]
ntrees:  209
auc: 0.7646898347048621
-----------
[0.05045365834172241, 8.122764861490227, 473.0, 1728.0, 4.0, 0.6206427525949737, 0.43168146936231017, 37.24661035750276, 1.9247247593841244, 45.0, 3.80411747606595, 22.3]
ntrees:  174
auc: 0.7628045051168107
-----------
[0.05219581300128989, 8.122764861490227, 473.0, 1728.0, 4.0, 0.9881123249478749, 0.40709849535378223, 29.739012365207618, 4.343705185780052, 45.0, 3.80411747606595, 22.3]
ntrees:  206
auc: 0.7641128035847915
-----------
[0.05045365834172241, 8.122764861490227, 473.0, 752.0, 4.0, 0.6206427525949737, 0.43168146936231017, 85.23343922392479, 3.2982754225278397, 118.0, 2.7838729212181517, 35.0]
ntrees:  339
auc: 0.7644834313755267
-----------
[0.05045365834172241, 8.122764861490227, 473.0, 726.8000000000001, 4.0, 0.6206427525949737, 0.43168146936231017, 85.23343922392479, 3.2982754225278397, 54.800000000000004, 2.7838729212181517, 35.0]
ntrees:  413
auc: 0.7641976194084548
-----------
[0.05045365834172241, 8.122764861490227, 473.0, 745.4000000000001, 4.0, 0.6206427525949737, 0.43168146936231017, 85.23343922392479, 4.343705185780052, 45.0, 3.80411747606595, 22.3]
ntrees:  329
auc: 0.764064725117532
-----------
[0.05045365834172241, 8.892409201067741, 473.0, 1728.0, 4.0, 0.9881123249478749, 0.40709849535378223, 29.739012365207618, 3.2982754225278397, 118.0, 1.648067407660145, 36.0]
ntrees:  175
auc: 0.7642490427507507
-----------
[0.05045365834172241, 8.122764861490227, 473.0, 1728.0, 2.9000000000000004, 0.34279388975688374, 0.43168146936231017, 85.23343922392479, 3.2982754225278397, 118.0, 3.694105149446381, 12.0]
ntrees:  416
auc: 0.7640382336466855
-----------
[0.05045365834172241, 8.122764861490227, 473.0, 1728.0, 4.0, 0.6206427525949737, 0.43168146936231017, 52.96474965710492, 2.177603833145916, 79.0, 3.5541712297787678, 48.0]
ntrees:  246
auc: 0.7641893822417889
-----------
[0.05045365834172241, 8.122764861490227, 473.0, 1728.0, 4.0, 0.30582342502297083, 0.43168146936231017, 85.23343922392479, 1.9247247593841244, 112.0, 2.9671149166649555, 15.0]
ntrees:  410
auc: 0.7631094839879118
-----------
[0.05045365834172241, 8.122764861490227, 473.0, 1728.0, 4.0, 0.6206427525949737, 0.252857095796133, 36.826567296285994, 3.2982754225278397, 118.0, 2.7838729212181517, 35.0]
ntrees:  294
auc: 0.7636653047513071
-----------
[0.05045365834172241, 8.122764861490227, 473.0, 1728.0, 3.2, 0.6206427525949737, 0.43168146936231017, 85.23343922392479, 3.4809043545182208, 100.0, 3.7287214390793864, 39.0]
ntrees:  332
auc: 0.7640604509019588
-----------
[0.05045365834172241, 8.122764861490227, 473.0, 1728.0, 4.0, 0.6206427525949737, 0.43168146936231017, 85.23343922392479, 3.4809043545182208, 100.0, 3.7287214390793864, 39.0]
ntrees:  332
auc: 0.7640604509019588
-----------
[0.05045365834172241, 8.122764861490227, 473.0, 1728.0, 4.0, 0.6206427525949737, 0.271536422743481, 85.23343922392479, 1.9247247593841244, 112.0, 2.9671149166649555, 15.0]
ntrees:  430
auc: 0.764908403770167
-----------
[0.05045365834172241, 8.122764861490227, 473.0, 1728.0, 4.0, 0.44874240664077736, 0.40709849535378223, 29.739012365207618, 4.343705185780052, 45.0, 3.80411747606595, 22.3]
ntrees:  252
auc: 0.7633082714548308
-----------
[0.05045365834172241, 8.122764861490227, 473.0, 1728.0, 4.0, 0.6206427525949737, 0.43168146936231017, 52.96474965710492, 2.177603833145916, 118.0, 1.648067407660145, 36.0]
ntrees:  262
auc: 0.7642702443929316
-----------
[0.05045365834172241, 8.122764861490227, 473.0, 1728.0, 4.0, 0.6206427525949737, 0.43168146936231017, 85.23343922392479, 3.2982754225278397, 79.0, 3.5541712297787678, 48.0]
ntrees:  288
auc: 0.7640524277444294
-----------
[0.05045365834172241, 8.122764861490227, 473.0, 1728.0, 4.0, 0.6206427525949737, 0.43168146936231017, 85.23343922392479, 3.4809043545182208, 100.0, 1.8232597480804424, 39.0]
ntrees:  349
auc: 0.7641626934572063
-----------
[0.05045365834172241, 8.122764861490227, 473.0, 1728.0, 4.0, 0.6206427525949737, 0.43168146936231017, 85.23343922392479, 3.2982754225278397, 118.0, 1.7674989417206315, 46.0]
ntrees:  339
auc: 0.7640257683693928
-----------
[0.05045365834172241, 8.122764861490227, 237.10000000000002, 1728.0, 4.0, 0.6206427525949737, 0.43168146936231017, 85.23343922392479, 1.9247247593841244, 112.0, 2.9671149166649555, 15.0]
ntrees:  315
auc: 0.7646561879577147
-----------
[0.05045365834172241, 8.122764861490227, 473.0, 1728.0, 4.0, 0.6206427525949737, 0.2445200918764262, 40.363732771899976, 3.2982754225278397, 118.0, 3.452775732477401, 21.400000000000002]
ntrees:  322
auc: 0.7644652238647243
-----------
[0.05045365834172241, 8.122764861490227, 473.0, 1728.0, 4.0, 0.6206427525949737, 0.43168146936231017, 85.23343922392479, 3.2982754225278397, 118.0, 3.452775732477401, 46.0]
ntrees:  286
auc: 0.7639632895012316
-----------
[0.04452409234486306, 83.16866653906972, 371.0, 1294.0, 1.0, 0.5716326798486331, 0.41959188079296816, 95.71882879810333, 3.6589221388313575, 103.0, 2.995827027162235, 27.0]
ntrees:  233
auc: 0.7622637396837952
-----------
[0.3648483540807653, 27.246637982488945, 357.0, 288.0, 4.0, 0.42066351300953575, 0.6666612145457858, 4.300399516843456, 4.881500433697365, 34.0, 3.273564202626116, 12.0]
ntrees:  9
auc: 0.7321661773681285
-----------
[0.12285418582772452, 1.7615050157039769, 22.0, 205.0, 12.0, 0.5263515136558794, 0.7697987838874829, 68.29972070470197, 2.6635619784023707, 65.0, 1.5492840856171406, 30.0]
ntrees:  58
auc: 0.757193153734186
-----------
[0.16648349912472676, 71.24036922476085, 308.0, 461.0, 14.0, 0.8427907537661903, 0.5537610878654371, 31.38608611768987, 1.6118523426835984, 116.0, 4.684349708079072, 27.0]
ntrees:  47
auc: 0.7573133041971534
-----------
[0.10436486307314127, 52.264632837752245, 188.0, 1698.0, 9.0, 0.40316330357471086, 0.8294089887735776, 24.33269673513978, 2.3948520713142543, 9.0, 2.620719431774974, 45.0]
ntrees:  45
auc: 0.7528506334612534
-----------
[0.2887374011918969, 99.84518613984011, 33.0, 1679.0, 4.0, 0.9574029797626585, 0.782015138595471, 47.76245587983834, 2.52960026022477, 78.0, 4.4571488196651305, 26.0]
ntrees:  24
auc: 0.754717194062364
-----------
[0.13285612805205874, 39.17691026437657, 463.0, 1709.0, 14.0, 0.917379772274113, 0.8354052095882858, 44.45771312084445, 2.2160012157622444, 110.0, 1.3762656925369567, 32.0]
ntrees:  46
auc: 0.7584982145526176
-----------
[0.1661264424939597, 21.5651055898935, 260.0, 1691.0, 1.0, 0.6496146955252315, 0.8899852227267404, 71.00660504732045, 0.05348871811319711, 38.0, 4.888874249287342, 43.0]
ntrees:  34
auc: 0.7571149658274109
-----------
[0.007799937258663255, 99.65128799542173, 484.0, 1672.0, 4.0, 0.4950589096616467, 0.7117010161565669, 54.435790634729706, 3.0067676854619823, 66.0, 4.092682824079809, 28.0]
ntrees:  1100
auc: 0.7624075160253307
-----------
[0.33135139411381376, 59.16388788987515, 190.0, 1974.0, 16.0, 0.874795351091523, 0.7626153357801173, 89.88464870386902, 1.9762389353508154, 37.0, 2.8058014903044826, 25.0]
ntrees:  25
auc: 0.7540829459842462
-----------
[0.06344727860427068, 55.33394898875794, 487.0, 381.0, 4.0, 0.4550073059486428, 0.4418831369462716, 70.5305419544013, 3.1258012884170894, 34.0, 1.4138600922978508, 24.0]
ntrees:  152
auc: 0.7604469618416684
-----------
[0.3152871094186385, 84.82051486934631, 258.0, 457.0, 3.0, 0.686008296737356, 0.7120341940292003, 27.914868075924193, 4.916634239609572, 92.0, 3.8591425316129393, 35.0]
ntrees:  19
auc: 0.7494921511327095
-----------
[0.31009254344857584, 12.826322829894163, 224.0, 1946.0, 17.0, 0.4613261028837617, 0.6149402898980068, 79.17747381617046, 2.0680045489279033, 14.0, 4.981284157682573, 13.0]
ntrees:  31
auc: 0.7523127091264119
-----------
[0.44816519561393353, 3.67085615797858, 195.0, 283.0, 6.0, 0.42854957161730045, 0.5479138137212011, 69.13343776893578, 0.17180318337627065, 116.0, 4.847713409644828, 31.0]
ntrees:  42
auc: 0.7497814586289604
-----------
[0.19497947595245926, 77.0751628491797, 172.0, 1508.0, 8.0, 0.706057812168189, 0.7280648725678898, 79.92487781889045, 1.5053052865628458, 51.0, 3.3705666725555843, 14.0]
ntrees:  42
auc: 0.7559789707552578
-----------
[0.2625837411834954, 92.83544712140697, 416.0, 431.0, 7.0, 0.7971791370081056, 0.8876439684250492, 41.26992630841856, 1.7265936566126583, 12.0, 2.2087834771133266, 25.0]
ntrees:  23
auc: 0.7490586706457715
-----------
[0.34965240715444224, 38.715331970011114, 326.0, 629.0, 7.0, 0.713250399712337, 0.7422594023246932, 41.06697940488154, 4.663948332088317, 21.0, 1.6323759852553201, 27.0]
ntrees:  24
auc: 0.7488058982756199
-----------
[0.33208515508186415, 77.31857377645362, 55.0, 1683.0, 10.0, 0.7953532403204617, 0.49315714201943167, 70.53556313640188, 1.1517271215433011, 46.0, 1.8967684442989907, 3.0]
ntrees:  15
auc: 0.752629334537827
-----------
[0.05045365834172241, 8.122764861490227, 473.0, 1728.0, 4.0, 0.6206427525949737, 0.271536422743481, 85.23343922392479, 1.9247247593841244, 112.0, 1.3025408580569715, 15.0]
ntrees:  431
auc: 0.7647983591071984
-----------
[0.05045365834172241, 8.122764861490227, 237.3, 1728.0, 4.0, 0.6206427525949737, 0.1525163300732127, 85.23343922392479, 1.9247247593841244, 112.0, 2.9671149166649555, 15.0]
ntrees:  681
auc: 0.7649246068187796
-----------
[0.05045365834172241, 8.122764861490227, 473.0, 752.7, 4.0, 0.6206427525949737, 0.2566393890913657, 85.23343922392479, 3.2982754225278397, 112.0, 1.686787082225612, 15.0]
ntrees:  749
auc: 0.7650688172962133
-----------
[0.05045365834172241, 8.122764861490227, 473.0, 1728.0, 4.0, 0.9881123249478749, 0.40709849535378223, 29.739012365207618, 2.1779131149951967, 112.0, 2.9671149166649555, 9.7]
ntrees:  169
auc: 0.7642047699976581
-----------
[0.05045365834172241, 5.6467456505947045, 237.10000000000002, 1728.0, 4.0, 0.6206427525949737, 0.43168146936231017, 85.23343922392479, 1.9247247593841244, 112.0, 2.9671149166649555, 15.0]
ntrees:  442
auc: 0.7645090714443457
-----------
[0.031375309262674574, 8.122764861490227, 473.0, 1728.0, 4.0, 0.6206427525949737, 0.271536422743481, 40.196275557026084, 1.9247247593841244, 54.2, 2.9671149166649555, 15.0]
ntrees:  412
auc: 0.7648666513343295
-----------
[0.05045365834172241, 8.122764861490227, 473.0, 1728.0, 4.0, 0.6206427525949737, 0.43168146936231017, 85.23343922392479, 3.2982754225278397, 112.0, 2.9671149166649555, 10.2]
ntrees:  524
auc: 0.7649155088248143
-----------
[0.05045365834172241, 8.122764861490227, 473.0, 1728.0, 4.0, 0.6206427525949737, 0.43168146936231017, 85.23343922392479, 3.2982754225278397, 118.0, 2.9671149166649555, 9.7]
ntrees:  521
auc: 0.7649269461238657
-----------
[0.05045365834172241, 8.122764861490227, 473.0, 1728.0, 4.0, 0.9881123249478749, 0.40709849535378223, 29.739012365207618, 4.343705185780052, 112.0, 1.6779805518814084, 6.200000000000001]
ntrees:  207
auc: 0.764376032865433
-----------
[0.05045365834172241, 8.122764861490227, 473.0, 1728.0, 4.0, 0.6206427525949737, 0.43168146936231017, 85.23343922392479, 1.9247247593841244, 112.0, 2.9671149166649555, 15.0]
ntrees:  324
auc: 0.7645105517575849
-----------
[0.05045365834172241, 8.122764861490227, 237.10000000000002, 1728.0, 4.0, 0.6206427525949737, 0.43168146936231017, 85.23343922392479, 3.2982754225278397, 118.0, 3.694105149446381, 6.200000000000001]
ntrees:  527
auc: 0.7648999845153425
-----------
[0.05045365834172241, 8.122764861490227, 473.0, 1728.0, 4.0, 0.6206427525949737, 0.43168146936231017, 85.23343922392479, 3.2982754225278397, 112.0, 2.9671149166649555, 9.7]
ntrees:  527
auc: 0.7648087650015223
-----------
[0.05045365834172241, 8.122764861490227, 473.0, 1728.0, 4.0, 0.9881123249478749, 0.40709849535378223, 29.739012365207618, 2.096083374185074, 112.0, 2.9671149166649555, 15.0]
ntrees:  168
auc: 0.7645107487450696
-----------
[0.05045365834172241, 5.438743196297579, 473.0, 1728.0, 2.9000000000000004, 0.6206427525949737, 0.43168146936231017, 85.23343922392479, 1.6616087771963646, 118.0, 3.694105149446381, 12.0]
ntrees:  371
auc: 0.7648541667887806
-----------
[0.05045365834172241, 8.122764861490227, 234.10000000000002, 1728.0, 4.0, 0.6206427525949737, 0.271536422743481, 85.23343922392479, 1.9247247593841244, 53.00000000000001, 2.9671149166649555, 15.0]
ntrees:  438
auc: 0.7649043752592223
-----------
[0.05045365834172241, 8.122764861490227, 473.0, 813.9000000000001, 4.0, 0.6206427525949737, 0.43168146936231017, 39.50452440924342, 1.203795735016953, 112.0, 2.9671149166649555, 15.0]
ntrees:  210
auc: 0.7639224699654985
-----------
[0.04223400210924512, 8.122764861490227, 237.10000000000002, 1728.0, 4.0, 0.6206427525949737, 0.43168146936231017, 85.23343922392479, 1.9247247593841244, 112.0, 2.9671149166649555, 15.0]
ntrees:  436
auc: 0.7646104440677319
-----------
[0.05045365834172241, 8.122764861490227, 220.20000000000002, 1728.0, 4.0, 0.6206427525949737, 0.43168146936231017, 85.23343922392479, 3.2982754225278397, 112.0, 2.9671149166649555, 15.0]
ntrees:  371
auc: 0.764505269197167
-----------
[0.04978160377360431, 8.122764861490227, 473.0, 1728.0, 4.0, 0.6206427525949737, 0.271536422743481, 85.23343922392479, 1.2520302414529172, 112.0, 2.9671149166649555, 15.0]
ntrees:  386
auc: 0.764749740057912
-----------
[0.05045365834172241, 8.122764861490227, 473.0, 1728.0, 4.0, 0.6206427525949737, 0.43168146936231017, 85.23343922392479, 3.2982754225278397, 118.0, 2.7838729212181517, 35.0]
ntrees:  339
auc: 0.7644834313755267
-----------
[0.05045365834172241, 8.623755830326427, 473.0, 752.0, 4.0, 0.6206427525949737, 0.43168146936231017, 85.23343922392479, 1.9247247593841244, 112.0, 1.6183608330634895, 6.3]
ntrees:  394
auc: 0.7645366519710424
-----------
[0.05045365834172241, 8.122764861490227, 473.0, 1728.0, 4.0, 0.6206427525949737, 0.271536422743481, 85.23343922392479, 3.2982754225278397, 118.0, 2.7838729212181517, 35.0]
ntrees:  551
auc: 0.7646106574184227
-----------
[0.04412404042240163, 8.122764861490227, 473.0, 1728.0, 4.0, 0.6206427525949737, 0.2029155785000626, 85.23343922392479, 1.9247247593841244, 112.0, 2.9671149166649555, 15.0]
ntrees:  776
auc: 0.7651354632103687
-----------
[0.05045365834172241, 3.8992859184587356, 473.0, 1728.0, 4.0, 0.9881123249478749, 0.40709849535378223, 29.739012365207618, 4.343705185780052, 21.3, 3.80411747606595, 22.3]
ntrees:  204
auc: 0.7646340641916594
-----------
[0.05045365834172241, 8.122764861490227, 473.0, 1728.0, 4.0, 0.6206427525949737, 0.2445200918764262, 40.363732771899976, 3.2982754225278397, 118.0, 3.452775732477401, 21.400000000000002]
ntrees:  322
auc: 0.7644652238647243
-----------
[0.05045365834172241, 8.122764861490227, 237.10000000000002, 1728.0, 4.0, 0.6206427525949737, 0.43168146936231017, 85.23343922392479, 1.9247247593841244, 45.900000000000006, 2.9671149166649555, 15.0]
ntrees:  318
auc: 0.764278312282652
-----------
[0.05045365834172241, 8.122764861490227, 473.0, 1728.0, 4.0, 0.9881123249478749, 0.40709849535378223, 19.456580189335327, 4.343705185780052, 112.0, 2.9671149166649555, 9.7]
ntrees:  219
auc: 0.764380934510461
-----------
[0.05045365834172241, 8.122764861490227, 473.0, 1728.0, 4.0, 0.6206427525949737, 0.43168146936231017, 85.23343922392479, 3.2982754225278397, 118.0, 3.694105149446381, 12.0]
ntrees:  556
auc: 0.7645344233206129
-----------
[0.03437378520306191, 8.122764861490227, 473.0, 1728.0, 4.0, 0.6206427525949737, 0.43168146936231017, 85.23343922392479, 3.2982754225278397, 118.0, 1.7150616827508418, 6.200000000000001]
ntrees:  666
auc: 0.7649912531455877
-----------
[0.05045365834172241, 8.122764861490227, 473.0, 1728.0, 4.0, 0.6206427525949737, 0.43168146936231017, 85.23343922392479, 1.9247247593841244, 50.2, 2.9671149166649555, 15.0]
ntrees:  313
auc: 0.7643649982371667
-----------
[0.05045365834172241, 8.122764861490227, 473.0, 1728.0, 4.0, 0.6206427525949737, 0.43168146936231017, 85.23343922392479, 1.5760208614094342, 59.1, 2.9671149166649555, 15.0]
ntrees:  270
auc: 0.764529476299499
-----------
[0.05045365834172241, 8.122764861490227, 473.0, 1728.0, 4.0, 0.6206427525949737, 0.271536422743481, 85.23343922392479, 1.9247247593841244, 112.0, 1.648067407660145, 36.0]
ntrees:  470
auc: 0.7649221055116987
-----------
[0.05045365834172241, 8.122764861490227, 473.0, 811.4000000000001, 4.0, 0.33514038551167047, 0.43168146936231017, 85.23343922392479, 3.2982754225278397, 112.0, 2.9671149166649555, 15.0]
ntrees:  357
auc: 0.7633861119016038
-----------
[0.05045365834172241, 8.122764861490227, 473.0, 864.5, 4.0, 0.6206427525949737, 0.43168146936231017, 85.23343922392479, 3.2982754225278397, 118.0, 3.694105149446381, 12.0]
ntrees:  556
auc: 0.7645344233206129
-----------
[0.22260695713220455, 10.079927852229126, 84.0, 483.0, 13.0, 0.6054113120228191, 0.8947284535714176, 44.78407704294911, 4.474081213191015, 91.0, 3.762121540669106, 32.0]
ntrees:  48
auc: 0.756835008334812
-----------
[0.1843995923700695, 92.14390877463576, 114.0, 1202.0, 19.0, 0.9444953372638941, 0.9637656989659131, 29.56538572333187, 0.5950699944589172, 108.0, 4.084345099112539, 1.0]
ntrees:  30
auc: 0.7556941945455604
-----------
[0.3735463834928058, 60.442090596144006, 149.0, 35.0, 8.0, 0.8169004415967778, 0.5290954535133714, 83.73173519004848, 4.373452275935316, 56.0, 1.813581336450158, 11.0]
ntrees:  30
auc: 0.7554913122553579
-----------
[0.0567046557603924, 72.39135065704924, 170.0, 514.0, 14.0, 0.4300535206085401, 0.40005482534822934, 28.58632279596237, 4.083934441934771, 73.0, 4.188947274535778, 24.0]
ntrees:  136
auc: 0.7589390029938127
-----------
[0.05023116574690901, 87.54208599727713, 242.0, 1445.0, 14.0, 0.665472863283634, 0.8513356547687321, 87.56464016035542, 1.511410872559098, 105.0, 2.1869211498949026, 9.0]
ntrees:  221
auc: 0.7619373350648897
-----------
[0.2289014143276264, 55.53763575873964, 211.0, 1108.0, 12.0, 0.8844499804176407, 0.8986178769719234, 7.325739388309083, 0.2763711165556565, 85.0, 3.434343198975592, 48.0]
ntrees:  16
auc: 0.749875603126031
-----------
[0.07156233503984978, 75.6403734276696, 481.0, 1970.0, 18.0, 0.45146608172730324, 0.46931728127087463, 2.7024329964978056, 1.2140285255953764, 45.0, 2.0049726307716322, 5.0]
ntrees:  60
auc: 0.7553655962802827
-----------
[0.40130130569422623, 75.30088510487211, 504.0, 1909.0, 11.0, 0.8492779552316491, 0.42792605648079823, 48.22920428208022, 3.992722727315907, 79.0, 1.2791770051621327, 0.0]
ntrees:  15
auc: 0.7489244932462213
-----------
[0.33079328495711957, 19.213565461071752, 459.0, 1189.0, 16.0, 0.4369463288528831, 0.5799122553004431, 12.642673667207905, 1.1163502470159292, 66.0, 2.7080820418336318, 29.0]
ntrees:  10
auc: 0.7393130432478613
-----------
[0.4571924583118143, 1.91094807990705, 394.0, 311.0, 18.0, 0.5932877948544801, 0.5738552583544304, 64.47194586851496, 4.371511812457297, 24.0, 3.5019787589361977, 30.0]
ntrees:  23
auc: 0.751437613467999
-----------
[0.3404741347900485, 16.781246699519322, 293.0, 1716.0, 19.0, 0.5805963615439387, 0.5072730168142762, 72.4732048702934, 0.022985022665896748, 50.0, 3.2768791318106825, 5.0]
ntrees:  19
auc: 0.7484075935734754
-----------
[0.05045365834172241, 8.122764861490227, 473.0, 752.7, 4.0, 0.6206427525949737, 0.2566393890913657, 85.23343922392479, 3.2982754225278397, 47.50000000000001, 1.686787082225612, 15.0]
ntrees:  661
auc: 0.7650469920474884
-----------
[0.04412404042240163, 8.122764861490227, 473.0, 1728.0, 4.0, 0.6206427525949737, 0.43168146936231017, 85.23343922392479, 3.2982754225278397, 118.0, 1.7150616827508418, 6.200000000000001]
ntrees:  533
auc: 0.7648490857976948
-----------
[0.03437378520306191, 8.122764861490227, 473.0, 1728.0, 4.0, 0.6206427525949737, 0.2029155785000626, 85.23343922392479, 1.9247247593841244, 112.0, 2.9671149166649555, 15.0]
ntrees:  792
auc: 0.7653949366492211
-----------
[0.05045365834172241, 8.122764861490227, 473.0, 1728.0, 4.0, 0.6206427525949737, 0.43168146936231017, 85.23343922392479, 1.9247247593841244, 112.0, 2.9671149166649555, 15.0]
ntrees:  324
auc: 0.7645105517575849
-----------
[0.04412404042240163, 8.122764861490227, 473.0, 1728.0, 4.0, 0.6206427525949737, 0.2029155785000626, 85.23343922392479, 3.2982754225278397, 118.0, 2.9671149166649555, 9.7]
ntrees:  668
auc: 0.7646910589339855
-----------
[0.05045365834172241, 8.122764861490227, 473.0, 752.7, 4.0, 0.6206427525949737, 0.2566393890913657, 85.23343922392479, 3.2982754225278397, 112.0, 1.7150616827508418, 6.200000000000001]
ntrees:  623
auc: 0.7647835453433149
-----------
[0.03437378520306191, 8.122764861490227, 473.0, 1728.0, 4.0, 0.6206427525949737, 0.43168146936231017, 85.23343922392479, 3.2982754225278397, 118.0, 1.686787082225612, 15.0]
ntrees:  789
auc: 0.7650034240024567
-----------
[0.05045365834172241, 8.122764861490227, 145.72000000000003, 1728.0, 4.0, 0.6206427525949737, 0.1525163300732127, 85.23343922392479, 1.9247247593841244, 112.0, 2.9671149166649555, 15.0]
ntrees:  738
auc: 0.7650313117509926
-----------
[0.04412404042240163, 8.122764861490227, 473.0, 1728.0, 4.0, 0.6206427525949737, 0.271536422743481, 41.087316208255615, 1.9247247593841244, 112.0, 1.0370728221662753, 36.0]
ntrees:  294
auc: 0.7645290801922255
-----------
[0.05045365834172241, 8.122764861490227, 473.0, 1728.0, 4.0, 0.6206427525949737, 0.2029155785000626, 85.23343922392479, 1.9247247593841244, 112.0, 2.9671149166649555, 15.0]
ntrees:  680
auc: 0.7650956772938147
-----------
[0.05045365834172241, 8.122764861490227, 473.0, 1728.0, 4.0, 0.6206427525949737, 0.43168146936231017, 85.23343922392479, 3.2982754225278397, 112.0, 2.9671149166649555, 15.0]
ntrees:  442
auc: 0.7647601601885341
-----------
[0.04412404042240163, 8.122764861490227, 473.0, 1728.0, 4.0, 0.6206427525949737, 0.2029155785000626, 85.23343922392479, 1.9247247593841244, 112.0, 2.9671149166649555, 10.2]
ntrees:  623
auc: 0.7651270901659816
-----------
[0.05045365834172241, 8.122764861490227, 473.0, 1728.0, 4.0, 0.6206427525949737, 0.2029155785000626, 85.23343922392479, 1.239252106315548, 112.0, 2.9671149166649555, 15.0]
ntrees:  675
auc: 0.7652996091109645
-----------
[0.04412404042240163, 8.122764861490227, 473.0, 1728.0, 4.0, 0.6206427525949737, 0.271536422743481, 85.23343922392479, 1.9247247593841244, 112.0, 2.9671149166649555, 15.0]
ntrees:  541
auc: 0.765003391982912
-----------
[0.03158777058334927, 8.122764861490227, 234.10000000000002, 1728.0, 4.0, 0.6206427525949737, 0.2029155785000626, 85.23343922392479, 1.9247247593841244, 112.0, 2.9671149166649555, 15.0]
ntrees:  900
auc: 0.7654286197620603
-----------
[0.04412404042240163, 8.831212204823585, 473.0, 1728.0, 4.0, 0.6206427525949737, 0.271536422743481, 85.23343922392479, 1.9247247593841244, 23.700000000000003, 2.9671149166649555, 15.0]
ntrees:  541
auc: 0.7652007534724744
-----------
[0.05045365834172241, 8.122764861490227, 237.10000000000002, 1728.0, 4.0, 0.6206427525949737, 0.2029155785000626, 85.23343922392479, 1.9247247593841244, 112.0, 2.9671149166649555, 15.0]
ntrees:  677
auc: 0.7651808725956908
-----------
[0.04412404042240163, 8.122764861490227, 473.0, 1728.0, 4.0, 0.6206427525949737, 0.43168146936231017, 85.23343922392479, 3.2982754225278397, 118.0, 3.694105149446381, 3.6800000000000006]
ntrees:  613
auc: 0.7653231361327846
-----------
[0.031375309262674574, 8.122764861490227, 473.0, 1728.0, 4.0, 0.6206427525949737, 0.2029155785000626, 85.23343922392479, 1.9247247593841244, 112.0, 2.9671149166649555, 15.0]
ntrees:  789
auc: 0.7653295599565675
-----------
[0.04412404042240163, 8.122764861490227, 473.0, 1728.0, 4.0, 0.6206427525949737, 0.271536422743481, 40.196275557026084, 1.9247247593841244, 54.2, 2.9671149166649555, 15.0]
ntrees:  267
auc: 0.7643804166356597
-----------
[0.05045365834172241, 8.122764861490227, 473.0, 1728.0, 4.0, 0.6206427525949737, 0.43168146936231017, 85.23343922392479, 1.3381809995676683, 118.0, 2.9671149166649555, 6.78]
ntrees:  390
auc: 0.7647220505267535
-----------
[0.06386333887311907, 9.48799374346857, 237.3, 1728.0, 4.0, 0.3355131267982745, 0.1525163300732127, 85.23343922392479, 1.9247247593841244, 112.0, 1.686787082225612, 15.0]
ntrees:  600
auc: 0.7639198343489525
-----------
[0.05045365834172241, 8.122764861490227, 473.0, 752.7, 4.0, 0.6206427525949737, 0.2566393890913657, 85.23343922392479, 3.2982754225278397, 112.0, 2.9671149166649555, 15.0]
ntrees:  549
auc: 0.764868757647224
-----------
[0.05045365834172241, 8.122764861490227, 473.0, 1728.0, 4.0, 0.6206427525949737, 0.271536422743481, 85.23343922392479, 1.1008789955783738, 112.0, 1.648067407660145, 36.0]
ntrees:  379
auc: 0.7647060328809316
-----------
[0.05045365834172241, 8.122764861490227, 473.0, 752.7, 4.0, 0.6206427525949737, 0.2566393890913657, 85.23343922392479, 3.2982754225278397, 112.0, 1.0585044278972364, 15.0]
ntrees:  749
auc: 0.7650361665495505
-----------
[0.05045365834172241, 5.438743196297579, 473.0, 1728.0, 4.0, 0.6206427525949737, 0.2029155785000626, 85.23343922392479, 1.006468154268033, 112.0, 2.9671149166649555, 15.0]
ntrees:  800
auc: 0.7653591116948159
-----------
[0.04412404042240163, 9.118965249858944, 473.0, 1728.0, 2.9000000000000004, 0.6206427525949737, 0.43168146936231017, 85.23343922392479, 1.6616087771963646, 118.0, 3.694105149446381, 12.0]
ntrees:  427
auc: 0.7645779425429888
-----------
[0.05045365834172241, 8.122764861490227, 473.0, 752.7, 4.0, 0.6206427525949737, 0.2566393890913657, 85.23343922392479, 3.2982754225278397, 112.0, 2.9671149166649555, 10.2]
ntrees:  494
auc: 0.764834160407885
-----------
[0.05045365834172241, 4.801750712460814, 473.0, 1728.0, 4.0, 0.6206427525949737, 0.43168146936231017, 85.23343922392479, 3.2982754225278397, 112.0, 1.686787082225612, 15.0]
ntrees:  382
auc: 0.763800020678852
-----------
[0.05045365834172241, 8.122764861490227, 473.0, 1728.0, 4.0, 0.6206427525949737, 0.2566393890913657, 85.23343922392479, 3.2982754225278397, 112.0, 1.686787082225612, 15.0]
ntrees:  749
auc: 0.7650688172962133
-----------
[0.05045365834172241, 8.122764861490227, 473.0, 752.7, 2.8000000000000003, 0.6206427525949737, 0.271536422743481, 85.23343922392479, 1.9247247593841244, 112.0, 2.9671149166649555, 15.0]
ntrees:  430
auc: 0.764908403770167
-----------
[0.05045365834172241, 8.122764861490227, 234.10000000000002, 1728.0, 4.0, 0.6206427525949737, 0.271536422743481, 85.23343922392479, 1.9247247593841244, 53.00000000000001, 2.9671149166649555, 15.0]
ntrees:  438
auc: 0.7649043752592223
-----------
[0.05045365834172241, 8.122764861490227, 221.40000000000003, 752.7, 4.0, 0.6206427525949737, 0.2566393890913657, 85.23343922392479, 3.2982754225278397, 118.0, 3.694105149446381, 6.200000000000001]
ntrees:  682
auc: 0.764911988351626
-----------
[0.05045365834172241, 8.122764861490227, 237.10000000000002, 1728.0, 4.0, 0.6206427525949737, 0.43168146936231017, 85.23343922392479, 3.2982754225278397, 112.0, 1.686787082225612, 15.0]
ntrees:  542
auc: 0.7648502381717919
-----------
[0.04412404042240163, 8.122764861490227, 473.0, 1728.0, 4.0, 0.6206427525949737, 0.2029155785000626, 85.23343922392479, 3.2982754225278397, 112.0, 2.9671149166649555, 5.78]
ntrees:  768
auc: 0.7649485343533424
-----------
[0.05045365834172241, 8.122764861490227, 200.3, 1728.0, 4.0, 0.6206427525949737, 0.2029155785000626, 85.23343922392479, 1.9247247593841244, 112.0, 2.9671149166649555, 15.0]
ntrees:  677
auc: 0.7650788890765984
-----------
[0.04412404042240163, 8.122764861490227, 473.0, 1728.0, 4.0, 0.6206427525949737, 0.43168146936231017, 85.23343922392479, 3.2982754225278397, 118.0, 3.694105149446381, 6.200000000000001]
ntrees:  532
auc: 0.7647984418801059
-----------
[0.43070738771500516, 55.24635530658134, 272.0, 1951.0, 15.0, 0.4729490982063325, 0.42025011676010215, 25.432541487681583, 1.1866167463189248, 15.0, 1.7212943548426156, 27.0]
ntrees:  9
auc: 0.738970119025739
-----------
[0.3272056134082911, 18.764718570506716, 333.0, 144.0, 8.0, 0.9168863851167466, 0.9292191424788003, 70.43034622780637, 1.1317873403523804, 34.0, 3.3381094173894343, 49.0]
ntrees:  26
auc: 0.7545503145282023
-----------
[0.007857511406092288, 55.027604668444226, 44.0, 1027.0, 14.0, 0.5308230322579913, 0.8686991218666656, 82.83863395818528, 2.100485054643515, 34.0, 2.048801114457201, 29.0]
ntrees:  1188
auc: 0.7628593453213476
-----------
[0.32891858509674504, 67.96861048712668, 150.0, 411.0, 1.0, 0.7890453802709343, 0.7483414662382118, 35.2408809462632, 4.9982209855670074, 73.0, 1.2391710102884232, 44.0]
ntrees:  30
auc: 0.7491393095262767
-----------
[0.15519770015008397, 28.38350539810186, 176.0, 1006.0, 14.0, 0.4237692463514177, 0.9870186028514051, 93.53417557266414, 0.6910951253859987, 10.0, 4.439513045163059, 3.0]
ntrees:  47
auc: 0.7569547956871083
-----------
[0.32039717349074487, 23.816059358014005, 459.0, 1707.0, 8.0, 0.8024504651684058, 0.8939114693292356, 82.63096762990243, 0.9896588262131051, 75.0, 4.834796221461321, 45.0]
ntrees:  26
auc: 0.75281694246313
-----------
[0.4664127565440314, 95.67012361571032, 79.0, 1597.0, 14.0, 0.8482119273372319, 0.7140851114163911, 47.87018090008769, 3.6043313394366687, 23.0, 3.898261007913141, 16.0]
ntrees:  11
auc: 0.7458485357123139
-----------
[0.2406703675359264, 83.37244253838173, 154.0, 947.0, 1.0, 0.511503029748144, 0.8376696387391221, 2.177035843592323, 0.3446067477716247, 79.0, 2.429318137297878, 17.0]
ntrees:  12
auc: 0.7453222446599791
