-----------
[0.011878857605065265, 10.851273008316747, 287.0, 739.0, 3.0, 0.9494528058727572, 0.9679354320100699, 3.944885445823133, 0.5841200149641762, 7.4, 2.4248606975818556, 15.0]
ntrees:  1425
auc: 0.9087813179944455
-----------
[0.01, 1, 255, 13, 10, 0.33, 0.05, 0, 1, 80, 1, 5]
ntrees:  156
auc: 0.8001599178086509
-----------
[0.011878857605065265, 10.851273008316747, 287.0, 739.0, 3.0, 0.9494528058727572, 0.9679354320100699, 3.944885445823133, 0.5841200149641762, 7.4, 2.4248606975818556, 15.0]
ntrees:  1941
auc: 0.9549920543865179
-----------
[0.011878857605065265, 10.851273008316747, 287.0, 739.0, 3.0, 0.9494528058727572, 0.9679354320100699, 3.944885445823133, 0.5841200149641762, 7.4, 2.4248606975818556, 15.0]
ntrees:  455
auc: 0.8588603068013881
-----------
[0.01, 1, 255, 13, 10, 0.33, 0.05, 0, 1, 80, 1, 5]
ntrees:  28
auc: 0.8205800287845557
