-----------
[0.018534055158779598, 9.513380418536581, 414.0, 417.6600000000001, 19.0, 0.4269142120003584, 0.7862978350438524, 10.949163100217227, 2.839248368346823, 7.0, 0.8184855809672315, 0.0]
ntrees:  539
auc: 0.8958008193305431
-----------
[0.08890624624221648, 48.59555239550343, 469.0, 1327.0, 7.0, 0.41864474986274397, 0.4928628777468204, 29.11722575110982, 0.2203080671168245, 7.0, 4.542975713716048, 36.0]
ntrees:  249
auc: 0.8830083115764719
-----------
[0.33844890969374414, 88.45499741904712, 209.0, 435.0, 14.0, 0.43395912075674475, 0.47691525107477223, 54.01080296171594, 0.6069171502263898, 43.0, 2.836604909101711, 23.0]
ntrees:  46
auc: 0.8747763867421933
-----------
[0.4933586222358964, 18.13665014215404, 275.0, 1945.0, 13.0, 0.9872358472638639, 0.4435653915334442, 71.07472648045865, 3.6994142246931694, 16.0, 3.8826680123025277, 41.0]
ntrees:  46
auc: 0.8816736151278792
-----------
[0.4282316966019186, 8.574719691497526, 48.0, 1540.0, 14.0, 0.8987833582809953, 0.8297973373747871, 50.1570138507919, 1.158638729066182, 97.0, 1.568895864680198, 44.0]
ntrees:  35
auc: 0.8812934950449772
-----------
[0.2273976832951121, 27.300307076509082, 110.0, 1251.0, 4.0, 0.8698582248311059, 0.6620191981954926, 83.21734403096875, 1.6393141034408902, 24.0, 1.3583704547128765, 25.0]
ntrees:  109
auc: 0.8842508839609339
-----------
[0.14424222399509498, 24.46895343453732, 167.0, 1612.0, 14.0, 0.7099713603757773, 0.9599071536200855, 3.6992926038936114, 1.1851450444826823, 116.0, 3.968256961440463, 15.0]
ntrees:  232
auc: 0.8915564312490322
-----------
[0.20446533494722746, 82.79492002680887, 478.0, 1643.0, 8.0, 0.7728303934844929, 0.8709526658931692, 11.072267909452416, 1.2930074015881048, 9.0, 2.144197033186656, 1.0]
ntrees:  442
auc: 0.8936323890486421
-----------
[0.3740295763655006, 73.20910604183359, 441.0, 634.0, 3.0, 0.9490755396389442, 0.7661813380813189, 50.05885332067874, 3.4993454357859117, 98.0, 1.4076953626541089, 35.0]
ntrees:  35
auc: 0.8849382729711394
-----------
[0.3317933781444323, 22.54236796878793, 457.0, 1799.0, 16.0, 0.6245583499216412, 0.5018044401873171, 81.18186829616178, 0.08489180943387631, 5.0, 1.078275439045853, 9.0]
ntrees:  47
auc: 0.8795251159624007
-----------
[0.11766848196063615, 17.899664036131835, 81.0, 598.0, 3.0, 0.9139159698478441, 0.47852750699215535, 81.9235517191336, 3.088650067410585, 8.0, 1.757217257193866, 21.0]
ntrees:  171
auc: 0.8840672234899497
-----------
[0.2195322915092098, 96.63645278462403, 197.0, 182.0, 18.0, 0.8095782493875681, 0.8615427393300472, 40.056569117829724, 0.7939305626026272, 39.0, 1.0998806687769482, 43.0]
ntrees:  41
auc: 0.8831596523463432
-----------
[0.3303282328360552, 98.66149502455423, 302.0, 124.0, 19.0, 0.8376709242359521, 0.5110252901908288, 23.019778188243222, 1.8000792947602946, 86.0, 4.655457910767033, 12.0]
ntrees:  254
auc: 0.8818115582166295
-----------
[0.4411293259789842, 82.95079650910439, 356.0, 1323.0, 17.0, 0.5000014688754482, 0.8428949273090642, 70.44605897070919, 3.952202507296112, 50.0, 4.988449543373751, 37.0]
ntrees:  36
auc: 0.8761503701029589
-----------
[0.06064841868429393, 82.1929307261, 419.0, 1795.0, 15.0, 0.4315553616656481, 0.6931941054102574, 94.58216462609028, 1.4277874151686327, 55.0, 1.0102236110447476, 12.0]
ntrees:  350
auc: 0.8810636618299196
-----------
[0.25635642061617525, 61.32720092033157, 87.0, 358.0, 14.0, 0.48134110123383583, 0.8414499595617502, 82.6461778086238, 4.6802832727171895, 25.0, 4.6367863475605215, 6.0]
ntrees:  60
auc: 0.8769128439675266
-----------
[0.011878857605065265, 93.55419846119737, 413.0, 258.0, 6.0, 0.5783164450202735, 0.9558021173457364, 11.520631902703338, 4.164883685597082, 74.0, 4.949620939008606, 10.0]
ntrees:  729
auc: 0.8869964426203785
-----------
[0.04363366219057574, 58.15772963458123, 472.0, 370.0, 12.0, 0.6463306929455359, 0.6854950311865493, 15.011628976465285, 1.7836512690915955, 93.0, 4.823601281887295, 48.0]
ntrees:  352
auc: 0.8889098732175793
-----------
[0.23545286152312767, 16.022139978409964, 102.0, 1005.0, 10.0, 0.6215182456048763, 0.5351401121306971, 43.54605688431131, 4.9791339027260335, 72.0, 4.593414468860147, 8.0]
ntrees:  98
auc: 0.8808675828996646
-----------
[0.12281858286468272, 14.412809986085227, 504.0, 513.0, 1.0, 0.4432422393180606, 0.982852966431923, 62.50586800718105, 1.4191535735583276, 114.0, 2.283056199757752, 30.0]
ntrees:  121
auc: 0.8822145170309188
-----------
[0.2342215178663629, 91.10750153329197, 373.0, 1871.0, 11.0, 0.9840812365840419, 0.9413052231063634, 89.93200841161566, 3.850787436944997, 29.0, 3.4624012256127124, 26.0]
ntrees:  59
auc: 0.8860706160013059
-----------
[0.2565236593008457, 48.838033630404375, 184.0, 1096.0, 2.0, 0.5616496857537798, 0.9499679295595567, 24.117401630435953, 0.6349207906241788, 111.0, 4.180963555505874, 21.0]
ntrees:  41
auc: 0.8810238635272214
-----------
[0.2762419620509391, 28.098797350255378, 251.0, 1634.0, 11.0, 0.43976773593479257, 0.4101816334638634, 30.378472061842153, 0.08044540629650876, 40.0, 1.1655504103280547, 2.0]
ntrees:  47
auc: 0.8731743625067463
-----------
[0.34083855866994894, 40.60938840964369, 298.0, 1467.0, 9.0, 0.5689173147449751, 0.6659627767937295, 52.8594714233239, 2.285905790970811, 28.0, 3.5002852130053514, 13.0]
ntrees:  39
auc: 0.8781687822749822
-----------
[0.018579763389014355, 46.737165685221896, 389.0, 1122.0, 9.0, 0.8197529105756962, 0.555864573537093, 90.71263555792646, 4.285285394396933, 118.0, 1.5412920407759803, 23.0]
ntrees:  1147
auc: 0.8862057509832031
-----------
[0.34197848143157233, 50.89605988596429, 190.0, 1524.0, 16.0, 0.7318864069654367, 0.6176701898218464, 78.59990538821839, 2.5120192691288343, 44.0, 4.631661965891866, 37.0]
ntrees:  39
auc: 0.879977934350596
-----------
[0.1524991671846812, 80.06518006977882, 421.0, 1179.0, 2.0, 0.8255578283787297, 0.40805369789080326, 11.819346289453092, 3.721481407866027, 102.0, 4.846555430517313, 28.0]
ntrees:  170
auc: 0.8878865490117104
-----------
[0.13213182532974962, 81.64658535656727, 63.0, 1687.0, 6.0, 0.42203107587952754, 0.6226730622761637, 42.09525716004195, 4.783778325417984, 65.0, 1.1589061690430893, 37.0]
ntrees:  114
auc: 0.8780888155067258
-----------
[0.4521125941146164, 6.754406600352655, 41.0, 1824.0, 8.0, 0.5780765208181461, 0.4727752306064812, 64.55691905807626, 2.5788827871756483, 32.0, 2.028575280305901, 18.0]
ntrees:  47
auc: 0.8772804815215356
-----------
[0.31220975321925026, 92.44027044772342, 289.0, 1476.0, 11.0, 0.5610200232515326, 0.4612789132432661, 48.66613813828173, 0.43363785145451084, 36.0, 2.055890256257044, 12.0]
ntrees:  107
auc: 0.8752283504994646
-----------
[0.07956673281284497, 97.06758488170973, 481.0, 305.0, 17.0, 0.991750227873326, 0.8839326979180262, 49.67115660682014, 3.3493063871327564, 70.0, 3.494087817655143, 47.0]
ntrees:  168
auc: 0.8902245360437455
-----------
[0.17264530710978201, 85.83489504806907, 41.0, 1202.0, 19.0, 0.7075892770929932, 0.45553592460290904, 46.19527973599363, 4.2204012411103555, 53.0, 3.631036124352693, 18.0]
ntrees:  127
auc: 0.8801408469133467
-----------
[0.12193997259235421, 46.272363608603314, 355.0, 1415.0, 13.0, 0.8110199312955474, 0.6553127635034168, 99.45642555377717, 2.2283686264660316, 69.0, 2.6034305675605665, 14.0]
ntrees:  194
auc: 0.8854354448750877
-----------
[0.440500099584199, 78.87704156230983, 69.0, 829.0, 1.0, 0.5954688311661738, 0.8806738751832951, 87.65354381960115, 2.0659643587082357, 55.0, 3.6791193094269623, 23.0]
ntrees:  23
auc: 0.8770804821703809
-----------
[0.18623901615428648, 25.71192255653678, 156.0, 1251.0, 19.0, 0.5336996006684849, 0.8091956697704487, 79.24323433286082, 1.9578312140155592, 6.0, 2.28634839582227, 35.0]
ntrees:  99
auc: 0.8803856301413964
-----------
[0.11757353981211564, 32.0192553684368, 129.0, 1399.0, 6.0, 0.49123961205220373, 0.6754999519753768, 86.51548652898377, 0.56395783855129, 35.0, 4.347709891755109, 8.0]
ntrees:  129
auc: 0.8807206588685161
-----------
[0.4363188614134501, 52.98424522833117, 352.0, 670.0, 7.0, 0.8260455944011584, 0.5683842562968301, 38.676763959429096, 0.8753546811558099, 15.0, 1.179942817775769, 44.0]
ntrees:  43
auc: 0.8801897262613725
-----------
[0.25427896054300847, 78.0857130937214, 497.0, 1341.0, 9.0, 0.5353670265125767, 0.9629416840386317, 33.71624458810059, 4.4162102898452105, 33.0, 1.261030918634987, 15.0]
ntrees:  30
auc: 0.8791889982431064
-----------
[0.14119118141308798, 33.878567180441216, 124.0, 555.0, 9.0, 0.7218586444855717, 0.8152458981898227, 33.494463108690795, 2.1258659493715615, 93.0, 2.048890664788755, 33.0]
ntrees:  103
auc: 0.8857144679352265
-----------
[0.09061378307315357, 91.21738234294052, 315.0, 1481.0, 7.0, 0.4559505940252329, 0.7696965787484151, 7.975752647595247, 4.394466523437772, 82.0, 2.8084056726570306, 15.0]
ntrees:  187
auc: 0.8821987417582402
-----------
[0.3647323742505253, 72.58411958061379, 78.0, 1223.0, 17.0, 0.7319512455919238, 0.5819443732539616, 3.022064806575764, 1.6502196210632358, 37.0, 4.472547978270908, 22.0]
ntrees:  20
auc: 0.8742565443249479
-----------
[0.04731121627605595, 12.056730279917598, 28.0, 1969.0, 3.0, 0.6440963812642063, 0.6145239589026864, 44.9947767345605, 0.9171941493341712, 72.0, 1.4123185334281017, 33.0]
ntrees:  347
auc: 0.8836117619034306
-----------
[0.16299885767738403, 64.34945058760091, 125.0, 1197.0, 16.0, 0.8140435397464544, 0.8346423026032952, 45.29332327841672, 1.3445429585439745, 100.0, 2.8290615232837775, 1.0]
ntrees:  152
auc: 0.8861461647774643
-----------
[0.1090942139258583, 44.21765571656236, 52.0, 1470.0, 3.0, 0.5514296803093385, 0.9233077303701598, 77.7406037903501, 3.7387189172353246, 111.0, 1.934806975471424, 41.0]
ntrees:  154
auc: 0.8799578082352106
-----------
[0.05651257922140518, 70.7440079472453, 485.0, 1053.0, 7.0, 0.43424044454748234, 0.6454861861634096, 43.85218819324345, 4.10178985545415, 45.0, 1.331641938655277, 37.0]
ntrees:  234
auc: 0.8826358299889273
-----------
[0.46320171859288134, 71.70468443191533, 432.0, 219.0, 13.0, 0.5407001843624124, 0.8953893702611091, 45.64443818920536, 2.1160207800652135, 68.0, 3.1094848408607674, 7.0]
ntrees:  14
auc: 0.8735618674200701
-----------
[0.03004012436379456, 10.851273008316747, 287.0, 739.0, 3.0, 0.9494528058727572, 0.9679354320100699, 13.611663515814133, 0.8456305378162154, 89.0, 3.9726479537317974, 30.0]
ntrees:  493
auc: 0.8976847631319647
-----------
[0.017541185368808148, 29.301612225508606, 177.0, 652.0, 12.0, 0.7599307842713812, 0.7724519983810532, 70.83940642889154, 0.5841200149641762, 14.0, 2.4248606975818556, 15.0]
ntrees:  1205
auc: 0.889152867064858
-----------
[0.4702152083644761, 13.046665898391183, 323.0, 2028.0, 3.0, 0.7572462898867448, 0.8024076557960711, 14.018296309756872, 1.0539078851719919, 98.0, 1.7019331640075794, 23.0]
ntrees:  23
auc: 0.8828478436116732
-----------
[0.017865263502551354, 85.16933194756461, 31.0, 17.0, 3.0, 0.6072330089635105, 0.4786568749968754, 74.54979767915071, 0.8494984206522443, 71.0, 3.216325764367908, 29.0]
ntrees:  2
auc: 0.8220907193842013
-----------
[0.018534055158779598, 9.513380418536581, 414.0, 417.6600000000001, 19.0, 0.4269142120003584, 0.7862978350438524, 10.949163100217227, 2.839248368346823, 38.5, 3.9726479537317974, 30.0]
ntrees:  593
auc: 0.887911170365182
-----------
[0.03004012436379456, 10.851273008316747, 161.8, 739.0, 3.0, 0.9494528058727572, 0.9679354320100699, 13.611663515814133, 0.8456305378162154, 7.0, 0.8184855809672315, 0.0]
ntrees:  346
auc: 0.8991498877961923
-----------
[0.03004012436379456, 10.851273008316747, 287.0, 739.0, 3.0, 0.9494528058727572, 0.9679354320100699, 7.981304681101093, 0.8456305378162154, 89.0, 3.9726479537317974, 30.0]
ntrees:  475
auc: 0.8996074890126973
-----------
[0.20446533494722746, 82.79492002680887, 478.0, 808.8000000000001, 8.0, 0.7728303934844929, 0.8709526658931692, 11.072267909452416, 1.2930074015881048, 9.0, 2.144197033186656, 1.0]
ntrees:  312
auc: 0.8922381871480309
-----------
[0.20446533494722746, 82.79492002680887, 478.0, 1643.0, 8.0, 0.3583102346247601, 0.8709526658931692, 11.072267909452416, 1.2930074015881048, 9.0, 2.144197033186656, 1.0]
ntrees:  33
auc: 0.8720578901345624
-----------
[0.14424222399509498, 24.46895343453732, 167.0, 1612.0, 14.0, 0.7099713603757773, 0.9599071536200855, 3.6992926038936114, 0.8456305378162154, 89.0, 3.9726479537317974, 12.4]
ntrees:  241
auc: 0.8940541972330687
-----------
[0.03004012436379456, 10.851273008316747, 287.0, 739.0, 1.3000000000000003, 0.9494528058727572, 0.9679354320100699, 13.611663515814133, 1.1851450444826823, 49.400000000000006, 3.968256961440463, 15.0]
ntrees:  390
auc: 0.8974387340626947
-----------
[0.07956673281284497, 10.851273008316747, 287.0, 739.0, 3.0, 0.9494528058727572, 0.9679354320100699, 13.611663515814133, 0.8456305378162154, 89.0, 3.9726479537317974, 30.0]
ntrees:  175
auc: 0.8966392821950802
-----------
[0.03004012436379456, 97.06758488170973, 481.0, 305.0, 17.0, 0.991750227873326, 0.8839326979180262, 49.67115660682014, 3.3493063871327564, 70.0, 3.494087817655143, 47.0]
ntrees:  449
auc: 0.890798416133617
-----------
[0.018534055158779598, 9.513380418536581, 414.0, 178.56400000000005, 14.0, 0.7099713603757773, 0.9599071536200855, 3.6992926038936114, 1.1851450444826823, 116.0, 3.968256961440463, 15.0]
ntrees:  2571
auc: 0.8958014898951003
-----------
[0.14424222399509498, 24.46895343453732, 167.0, 1612.0, 19.0, 0.4269142120003584, 0.7862978350438524, 10.949163100217227, 2.839248368346823, 7.0, 0.8184855809672315, 1.7000000000000002]
ntrees:  60
auc: 0.8804822867663539
-----------
[0.03004012436379456, 10.851273008316747, 287.0, 739.0, 3.0, 0.9494528058727572, 0.9679354320100699, 13.611663515814133, 0.5841200149641762, 14.0, 2.4248606975818556, 15.0]
ntrees:  634
auc: 0.9012239641389937
-----------
[0.017541185368808148, 29.301612225508606, 177.0, 652.0, 12.0, 0.7599307842713812, 0.7724519983810532, 70.83940642889154, 0.8456305378162154, 89.0, 3.9726479537317974, 30.0]
ntrees:  935
auc: 0.8880498116140794
-----------
[0.04363366219057574, 58.15772963458123, 472.0, 370.0, 12.0, 0.6463306929455359, 0.6854950311865493, 15.011628976465285, 1.7836512690915955, 93.0, 3.9726479537317974, 16.9]
ntrees:  352
auc: 0.8891366863197451
-----------
[0.03004012436379456, 10.851273008316747, 287.0, 739.0, 3.0, 0.9494528058727572, 0.9679354320100699, 13.611663515814133, 0.8456305378162154, 89.0, 4.823601281887295, 48.0]
ntrees:  468
auc: 0.8974529919507784
-----------
[0.07956673281284497, 97.06758488170973, 481.0, 305.0, 8.4, 0.991750227873326, 0.8839326979180262, 49.67115660682014, 3.3493063871327564, 70.0, 3.494087817655143, 47.0]
ntrees:  167
auc: 0.8905090936643179
-----------
[0.018534055158779598, 9.513380418536581, 414.0, 246.76400000000007, 19.0, 0.4269142120003584, 0.7862978350438524, 10.949163100217227, 2.839248368346823, 7.0, 0.8184855809672315, 0.0]
ntrees:  548
auc: 0.8951974381893226
-----------
[0.1524991671846812, 80.06518006977882, 421.0, 1179.0, 3.0, 0.9494528058727572, 0.9679354320100699, 13.611663515814133, 0.8456305378162154, 89.0, 3.9726479537317974, 30.0]
ntrees:  137
auc: 0.898135156957192
-----------
[0.03004012436379456, 10.851273008316747, 287.0, 739.0, 2.0, 0.8255578283787297, 0.40805369789080326, 11.819346289453092, 3.721481407866027, 102.0, 4.846555430517313, 28.0]
ntrees:  813
auc: 0.8905681851638791
-----------
[0.14424222399509498, 24.46895343453732, 167.0, 1612.0, 14.0, 0.7728303934844929, 0.8709526658931692, 11.072267909452416, 1.2930074015881048, 9.0, 2.144197033186656, 1.0]
ntrees:  312
auc: 0.8940842265749918
-----------
[0.20446533494722746, 82.79492002680887, 478.0, 1643.0, 3.3000000000000003, 0.7099713603757773, 0.9599071536200855, 3.6992926038936114, 1.1851450444826823, 116.0, 3.968256961440463, 15.0]
ntrees:  267
auc: 0.8908132627728158
-----------
[0.018534055158779598, 9.513380418536581, 414.0, 417.6600000000001, 19.0, 0.4269142120003584, 0.7862978350438524, 10.949163100217227, 2.839248368346823, 7.0, 2.4248606975818556, 15.0]
ntrees:  592
auc: 0.8882309250136368
-----------
[0.017541185368808148, 29.301612225508606, 177.0, 652.0, 12.0, 0.7599307842713812, 0.7724519983810532, 70.83940642889154, 0.5841200149641762, 14.0, 0.8184855809672315, 0.0]
ntrees:  1073
auc: 0.891252598400289
-----------
[0.018534055158779598, 9.513380418536581, 414.0, 417.6600000000001, 19.0, 0.4269142120003584, 0.6854950311865493, 15.011628976465285, 1.7836512690915955, 93.0, 4.823601281887295, 48.0]
ntrees:  658
auc: 0.8867241145004504
-----------
[0.04363366219057574, 58.15772963458123, 472.0, 370.0, 12.0, 0.6463306929455359, 0.7862978350438524, 10.949163100217227, 2.839248368346823, 7.0, 0.8184855809672315, 0.0]
ntrees:  289
auc: 0.8968021197119247
-----------
[0.011878857605065265, 43.039724746726804, 413.0, 258.0, 6.0, 0.9494528058727572, 0.9679354320100699, 13.611663515814133, 0.8456305378162154, 38.5, 3.9726479537317974, 30.0]
ntrees:  3000
auc: 0.9003684103748864
-----------
[0.03004012436379456, 10.851273008316747, 287.0, 739.0, 3.0, 0.28360131012848705, 0.9558021173457364, 11.520631902703338, 4.164883685597082, 74.0, 4.949620939008606, 10.0]
ntrees:  278
auc: 0.8818915713078276
-----------
[0.018579763389014355, 46.737165685221896, 389.0, 1122.0, 9.0, 0.8197529105756962, 0.9679354320100699, 13.611663515814133, 0.8456305378162154, 89.0, 3.9726479537317974, 30.0]
ntrees:  1768
auc: 0.8992454116953554
-----------
[0.03004012436379456, 10.851273008316747, 287.0, 739.0, 3.0, 0.9494528058727572, 0.555864573537093, 90.71263555792646, 4.285285394396933, 118.0, 1.5412920407759803, 23.0]
ntrees:  530
auc: 0.8843864416726133
-----------
[0.20446533494722746, 82.79492002680887, 478.0, 1643.0, 8.0, 0.7728303934844929, 0.8709526658931692, 49.67115660682014, 3.3493063871327564, 70.0, 3.494087817655143, 47.0]
ntrees:  47
auc: 0.8852637525952897
-----------
[0.07956673281284497, 97.06758488170973, 481.0, 305.0, 17.0, 0.991750227873326, 0.8839326979180262, 11.072267909452416, 1.2930074015881048, 9.0, 2.144197033186656, 1.0]
ntrees:  338
auc: 0.8975777195322167
-----------
[0.16299885767738403, 64.34945058760091, 125.0, 1197.0, 16.0, 0.9494528058727572, 0.9679354320100699, 13.611663515814133, 0.8456305378162154, 89.0, 3.9726479537317974, 30.0]
ntrees:  114
auc: 0.8943773214452404
-----------
[0.03004012436379456, 10.851273008316747, 287.0, 739.0, 3.0, 0.8140435397464544, 0.8346423026032952, 45.29332327841672, 1.3445429585439745, 100.0, 2.8290615232837775, 1.0]
ntrees:  594
auc: 0.8894469742776259
-----------
[0.2342215178663629, 91.10750153329197, 373.0, 1871.0, 11.0, 0.9840812365840419, 0.9413052231063634, 89.93200841161566, 0.8456305378162154, 89.0, 3.9726479537317974, 30.0]
ntrees:  113
auc: 0.888277606645852
-----------
[0.03004012436379456, 10.851273008316747, 287.0, 739.0, 3.0, 0.9494528058727572, 0.9679354320100699, 13.611663515814133, 1.918839211515833, 29.0, 3.4624012256127124, 26.0]
ntrees:  359
auc: 0.8956818128830927
-----------
[0.018534055158779598, 80.06518006977882, 421.0, 1179.0, 2.0, 0.8255578283787297, 0.207027720063877, 11.819346289453092, 3.721481407866027, 102.0, 4.846555430517313, 28.0]
ntrees:  2537
auc: 0.8896009167921808
-----------
[0.1524991671846812, 9.513380418536581, 414.0, 417.6600000000001, 19.0, 0.4269142120003584, 0.7862978350438524, 10.949163100217227, 2.839248368346823, 7.0, 0.8184855809672315, 0.0]
ntrees:  77
auc: 0.893550816496434
-----------
[0.14119118141308798, 33.878567180441216, 76.2, 555.0, 9.0, 0.7218586444855717, 0.8152458981898227, 33.494463108690795, 0.8456305378162154, 89.0, 1.724211660300372, 30.0]
ntrees:  158
auc: 0.8860502948694006
-----------
[0.03004012436379456, 10.851273008316747, 287.0, 739.0, 3.0, 0.9494528058727572, 0.9679354320100699, 13.611663515814133, 2.1258659493715615, 93.0, 2.048890664788755, 33.0]
ntrees:  334
auc: 0.893880542232875
-----------
[0.12193997259235421, 46.272363608603314, 355.0, 1415.0, 13.0, 0.9494528058727572, 0.9679354320100699, 13.181933812581402, 0.8456305378162154, 89.0, 3.9726479537317974, 30.0]
ntrees:  148
auc: 0.898388747606171
-----------
[0.03004012436379456, 10.851273008316747, 287.0, 739.0, 3.0, 0.8110199312955474, 0.6553127635034168, 99.45642555377717, 2.2283686264660316, 69.0, 2.6034305675605665, 14.0]
ntrees:  1012
auc: 0.8849360296516723
-----------
[0.3092087414649037, 52.17975148489216, 316.0, 219.0, 8.0, 0.7479050009465225, 0.9643782319069121, 98.14860428143763, 1.4232077091892186, 15.0, 3.1753801742923953, 14.0]
ntrees:  78
auc: 0.8820842673714999
-----------
[0.1829483239458652, 58.00335785320888, 37.0, 1502.0, 17.0, 0.45627870191090375, 0.8201876837543394, 94.61255656002261, 0.6817205845635643, 113.0, 2.239304039835688, 30.0]
ntrees:  150
auc: 0.8776663222788862
-----------
[0.3672019732061922, 85.41498100936154, 145.0, 1006.0, 14.0, 0.5737173114795137, 0.9433174750348339, 17.080584086389806, 1.4225556739367518, 31.0, 3.472379391354324, 26.0]
ntrees:  26
auc: 0.879483979433824
-----------
[0.3794033042538794, 88.38191532633108, 330.0, 1161.0, 5.0, 0.8678479567203673, 0.6822034929859397, 42.70921364911163, 4.374953498680062, 100.0, 3.046799083674751, 38.0]
ntrees:  38
auc: 0.8823257337937518
-----------
[0.03004012436379456, 43.039724746726804, 413.0, 258.0, 6.0, 0.9494528058727572, 0.9679354320100699, 13.611663515814133, 0.8456305378162154, 38.5, 1.7124344678509738, 30.0]
ntrees:  1105
auc: 0.899396266619935
-----------
[0.011878857605065265, 10.851273008316747, 287.0, 739.0, 3.0, 0.9494528058727572, 0.9679354320100699, 5.579787426457124, 0.5841200149641762, 14.0, 2.4248606975818556, 15.0]
ntrees:  1410
auc: 0.9058941069779042
-----------
[0.03004012436379456, 10.851273008316747, 287.0, 739.0, 3.0, 0.9494528058727572, 0.9679354320100699, 7.981304681101093, 0.5841200149641762, 14.0, 2.4248606975818556, 15.0]
ntrees:  619
auc: 0.9040294397069655
-----------
[0.03004012436379456, 10.851273008316747, 287.0, 739.0, 3.0, 0.9494528058727572, 0.9679354320100699, 13.611663515814133, 0.4451823185511337, 89.0, 3.9726479537317974, 30.0]
ntrees:  672
auc: 0.9004361983469327
-----------
[0.03004012436379456, 10.851273008316747, 287.0, 739.0, 9.0, 0.8197529105756962, 0.9679354320100699, 13.611663515814133, 0.8456305378162154, 89.0, 3.9726479537317974, 30.0]
ntrees:  785
auc: 0.8965420402492932
-----------
[0.018579763389014355, 46.737165685221896, 389.0, 1122.0, 3.0, 0.9494528058727572, 0.9679354320100699, 13.611663515814133, 0.5841200149641762, 14.0, 2.4248606975818556, 15.0]
ntrees:  976
auc: 0.9032767188206787
-----------
[0.03004012436379456, 10.851273008316747, 161.8, 739.0, 3.0, 0.9494528058727572, 0.9679354320100699, 13.611663515814133, 0.5841200149641762, 14.0, 2.4248606975818556, 15.0]
ntrees:  645
auc: 0.8998742920790687
-----------
[0.03004012436379456, 10.851273008316747, 287.0, 739.0, 3.0, 0.9494528058727572, 0.9679354320100699, 13.611663515814133, 0.8456305378162154, 7.0, 0.8184855809672315, 0.0]
ntrees:  351
auc: 0.9004580682788511
-----------
[0.03004012436379456, 10.851273008316747, 287.0, 739.0, 3.0, 0.9494528058727572, 0.9679354320100699, 7.981304681101093, 0.8456305378162154, 38.5, 3.9726479537317974, 30.0]
ntrees:  413
auc: 0.9007436922302082
-----------
[0.011878857605065265, 43.039724746726804, 174.10000000000002, 258.0, 6.0, 0.9494528058727572, 0.9679354320100699, 13.611663515814133, 0.8456305378162154, 89.0, 3.9726479537317974, 30.0]
ntrees:  2670
auc: 0.8971137781311933
-----------
[0.015851728339439236, 43.039724746726804, 413.0, 258.0, 9.0, 0.8197529105756962, 0.9679354320100699, 13.611663515814133, 0.8456305378162154, 89.0, 3.9726479537317974, 30.0]
ntrees:  3571
auc: 0.8977301484424082
-----------
[0.018579763389014355, 46.737165685221896, 389.0, 1122.0, 6.0, 0.9494528058727572, 0.9679354320100699, 13.611663515814133, 0.8456305378162154, 38.5, 3.9726479537317974, 30.0]
ntrees:  930
auc: 0.9012031953661668
-----------
[0.03004012436379456, 10.851273008316747, 287.0, 739.0, 13.0, 0.9494528058727572, 0.9679354320100699, 13.181933812581402, 0.8456305378162154, 89.0, 3.9726479537317974, 30.0]
ntrees:  487
auc: 0.8980654504372335
-----------
[0.12193997259235421, 46.272363608603314, 355.0, 1415.0, 3.0, 0.9494528058727572, 0.9679354320100699, 13.611663515814133, 0.5841200149641762, 14.0, 2.4248606975818556, 15.0]
ntrees:  143
auc: 0.8997110726131045
-----------
[0.03004012436379456, 10.851273008316747, 161.8, 739.0, 3.0, 0.9494528058727572, 0.9679354320100699, 13.611663515814133, 0.8456305378162154, 38.5, 3.9726479537317974, 30.0]
ntrees:  483
auc: 0.8976868895661477
-----------
[0.011878857605065265, 43.039724746726804, 187.70000000000002, 258.0, 6.0, 0.9494528058727572, 0.9679354320100699, 13.611663515814133, 0.8456305378162154, 7.0, 0.8184855809672315, 0.0]
ntrees:  2055
auc: 0.8982017367528176
-----------
[0.03004012436379456, 10.851273008316747, 287.0, 739.0, 3.0, 0.9494528058727572, 0.9679354320100699, 13.611663515814133, 0.8456305378162154, 89.0, 3.9726479537317974, 30.0]
ntrees:  493
auc: 0.8976847631319647
-----------
[0.1524991671846812, 80.06518006977882, 421.0, 1179.0, 3.0, 0.9494528058727572, 0.9679354320100699, 13.611663515814133, 0.5841200149641762, 14.0, 2.4248606975818556, 15.0]
ntrees:  140
auc: 0.8987855814516358
-----------
[0.03004012436379456, 10.851273008316747, 128.60000000000002, 739.0, 3.0, 0.9494528058727572, 0.9679354320100699, 13.611663515814133, 0.5841200149641762, 14.0, 2.4248606975818556, 15.0]
ntrees:  571
auc: 0.8996722314694903
-----------
[0.05636777863465483, 10.851273008316747, 159.60000000000002, 739.0, 3.0, 0.9494528058727572, 0.9679354320100699, 13.611663515814133, 0.8456305378162154, 89.0, 3.9726479537317974, 30.0]
ntrees:  238
auc: 0.8962892757637597
-----------
[0.018579763389014355, 20.134948792817926, 389.0, 1122.0, 9.0, 0.8197529105756962, 0.9679354320100699, 7.981304681101093, 0.8456305378162154, 89.0, 3.9726479537317974, 30.0]
ntrees:  1233
auc: 0.9008888252611691
-----------
[0.03004012436379456, 10.851273008316747, 287.0, 305.0, 8.5, 0.991750227873326, 0.4058146410957064, 11.072267909452416, 1.2930074015881048, 9.0, 2.144197033186656, 1.0]
ntrees:  793
auc: 0.8962874803620806
-----------
[0.07956673281284497, 97.06758488170973, 481.0, 739.0, 3.0, 0.9494528058727572, 0.9679354320100699, 13.611663515814133, 0.5841200149641762, 14.0, 1.1616783206582766, 15.0]
ntrees:  298
auc: 0.9000571740626964
-----------
[0.03004012436379456, 10.851273008316747, 161.8, 739.0, 3.0, 0.9494528058727572, 0.9679354320100699, 7.981304681101093, 0.8456305378162154, 89.0, 3.9726479537317974, 30.0]
ntrees:  470
auc: 0.8986796746332111
-----------
[0.011878857605065265, 43.039724746726804, 413.0, 258.0, 6.0, 0.9494528058727572, 0.9679354320100699, 13.611663515814133, 0.8456305378162154, 89.0, 3.9726479537317974, 30.0]
ntrees:  3001
auc: 0.8995085984926323
-----------
[0.12193997259235421, 46.272363608603314, 355.0, 1415.0, 13.0, 0.9494528058727572, 0.9679354320100699, 13.181933812581402, 0.8456305378162154, 38.5, 3.9726479537317974, 30.0]
ntrees:  131
auc: 0.8984600420627464
-----------
[0.03004012436379456, 10.851273008316747, 287.0, 739.0, 3.0, 0.9494528058727572, 0.9679354320100699, 13.611663515814133, 0.8456305378162154, 89.0, 2.300261960503158, 48.0]
ntrees:  428
auc: 0.8977168577232717
-----------
[0.03004012436379456, 10.851273008316747, 287.0, 739.0, 3.0, 0.9494528058727572, 0.4287955726254527, 13.611663515814133, 0.5841200149641762, 14.0, 2.4248606975818556, 15.0]
ntrees:  961
auc: 0.8979621459246039
-----------
[0.03004012436379456, 10.851273008316747, 287.0, 391.8, 1.3000000000000003, 0.9494528058727572, 0.9679354320100699, 13.611663515814133, 1.1851450444826823, 49.400000000000006, 3.968256961440463, 15.0]
ntrees:  570
auc: 0.8964125713789297
-----------
[0.1524991671846812, 80.06518006977882, 421.0, 1179.0, 3.0, 0.9494528058727572, 0.9679354320100699, 13.611663515814133, 0.8456305378162154, 38.5, 3.9726479537317974, 30.0]
ntrees:  113
auc: 0.8966498563182881
-----------
[0.011878857605065265, 43.039724746726804, 413.0, 119.9, 6.0, 0.9494528058727572, 0.45425391280416927, 13.611663515814133, 0.8456305378162154, 89.0, 3.9726479537317974, 30.0]
ntrees:  2
auc: 0.8428669673027253
-----------
[0.03144486624016469, 10.851273008316747, 161.8, 442.80000000000007, 3.0, 0.9494528058727572, 0.44661764847062896, 13.611663515814133, 0.7733614782685354, 89.0, 3.9726479537317974, 30.0]
ntrees:  840
auc: 0.8936036634299154
-----------
[0.018579763389014355, 46.737165685221896, 389.0, 594.8, 9.0, 0.8197529105756962, 0.9679354320100699, 13.611663515814133, 0.8456305378162154, 7.0, 0.8184855809672315, 0.0]
ntrees:  720
auc: 0.9004953265807446
-----------
[0.03004012436379456, 10.851273008316747, 287.0, 739.0, 3.0, 0.9494528058727572, 0.9679354320100699, 13.611663515814133, 0.8456305378162154, 38.5, 3.9726479537317974, 12.3]
ntrees:  564
auc: 0.8988851571839112
-----------
[0.04363366219057574, 58.15772963458123, 472.0, 370.0, 6.4, 0.6463306929455359, 0.7862978350438524, 10.949163100217227, 2.839248368346823, 7.0, 0.8184855809672315, 0.0]
ntrees:  290
auc: 0.8975415837448564
-----------
[0.03004012436379456, 12.767325231834729, 287.0, 739.0, 3.0, 0.46987976538082066, 0.9679354320100699, 13.611663515814133, 0.5841200149641762, 14.0, 2.4248606975818556, 15.0]
ntrees:  336
auc: 0.888795976116881
-----------
[0.12193997259235421, 46.272363608603314, 355.0, 1415.0, 13.0, 0.9494528058727572, 0.9679354320100699, 13.181933812581402, 0.8456305378162154, 89.0, 3.9726479537317974, 30.0]
ntrees:  148
auc: 0.898388747606171
-----------
[0.22966119366363816, 45.54850316697536, 38.0, 214.0, 6.0, 0.5091168063823804, 0.8702507838201153, 35.63067915502938, 2.6602187817967953, 37.0, 4.48946666108926, 42.0]
ntrees:  37
auc: 0.8791523493091182
-----------
[0.14175487244219567, 49.70997582195819, 507.0, 1544.0, 5.0, 0.6197448952067409, 0.43732093395604665, 8.354819179471818, 4.723850978902795, 20.0, 1.2014428236879287, 29.0]
ntrees:  148
auc: 0.8860258166558385
-----------
[0.03917283158481918, 30.288735294690827, 369.0, 1909.0, 12.0, 0.5281592369625053, 0.4340578450242413, 61.955252308954414, 3.500411649822155, 45.0, 1.960339291658101, 37.0]
ntrees:  767
auc: 0.8837673779139197
-----------
[0.05599903612658897, 81.0228092829867, 176.0, 1341.0, 19.0, 0.8558973931515987, 0.40472975291117297, 31.15517005044881, 4.024705253105797, 80.0, 3.0185462061588124, 8.0]
ntrees:  478
auc: 0.8890716516502328
-----------
[0.49259043388662177, 23.74976008471947, 384.0, 861.0, 4.0, 0.986057907731221, 0.45042302017705516, 98.72588493955259, 3.693597507059577, 98.0, 1.9813003330097287, 35.0]
ntrees:  51
auc: 0.8807866284467529
-----------
[0.08684462421421824, 11.758800252982908, 443.0, 414.0, 4.0, 0.6819167519389946, 0.8672387590806909, 73.34015425563328, 3.2066674951944307, 115.0, 1.9983819525689297, 10.0]
ntrees:  158
auc: 0.885302242174855
-----------
[0.26337863429409086, 38.87771881757304, 424.0, 1295.0, 16.0, 0.875530804622668, 0.5292768144459663, 8.883940674874513, 1.301309168364162, 27.0, 2.659510178848979, 29.0]
ntrees:  107
auc: 0.8882161641608917
-----------
[0.21340991093771355, 47.542010632577274, 358.0, 848.0, 11.0, 0.637226712804372, 0.6186783254099122, 56.05935422501812, 3.1096063380399035, 39.0, 4.563094718589535, 29.0]
ntrees:  111
auc: 0.8820373105436937
-----------
[0.011878857605065265, 10.851273008316747, 133.3, 739.0, 3.0, 0.9494528058727572, 0.9679354320100699, 7.981304681101093, 0.5841200149641762, 14.0, 2.4248606975818556, 15.0]
ntrees:  1544
auc: 0.902838434408821
-----------
[0.03004012436379456, 10.851273008316747, 287.0, 739.0, 3.0, 0.9494528058727572, 0.9679354320100699, 5.579787426457124, 0.5841200149641762, 14.0, 2.4248606975818556, 15.0]
ntrees:  599
auc: 0.9054552151319362
-----------
[0.011878857605065265, 10.851273008316747, 287.0, 1122.0, 3.0, 0.9494528058727572, 0.9679354320100699, 13.611663515814133, 0.5841200149641762, 14.0, 2.4248606975818556, 15.0]
ntrees:  1212
auc: 0.9018274264228804
-----------
[0.018579763389014355, 46.737165685221896, 389.0, 739.0, 3.0, 0.9494528058727572, 0.9679354320100699, 5.579787426457124, 0.5841200149641762, 14.0, 2.4248606975818556, 6.9]
ntrees:  1272
auc: 0.9072205385357854
-----------
[0.018579763389014355, 46.737165685221896, 389.0, 1122.0, 3.0, 0.9494528058727572, 0.9679354320100699, 7.981304681101093, 0.5841200149641762, 14.0, 2.4248606975818556, 15.0]
ntrees:  1080
auc: 0.9055288339900684
-----------
[0.03004012436379456, 10.851273008316747, 125.9, 739.0, 3.0, 0.9494528058727572, 0.9679354320100699, 13.611663515814133, 0.5841200149641762, 14.0, 2.4248606975818556, 15.0]
ntrees:  615
auc: 0.8991372797982367
-----------
[0.011878857605065265, 10.851273008316747, 287.0, 739.0, 3.0, 0.9494528058727572, 0.9679354320100699, 3.944885445823133, 0.5841200149641762, 14.0, 2.4248606975818556, 15.0]
ntrees:  1410
auc: 0.9075979721509888
-----------
[0.011878857605065265, 10.851273008316747, 287.0, 487.6, 3.0, 0.9494528058727572, 0.9679354320100699, 5.579787426457124, 0.8456305378162154, 89.0, 2.082980960023688, 30.0]
ntrees:  1401
auc: 0.901182357114916
-----------
[0.018579763389014355, 13.823300564748093, 389.0, 1122.0, 9.0, 0.8197529105756962, 0.9679354320100699, 7.981304681101093, 0.5841200149641762, 14.0, 2.4248606975818556, 15.0]
ntrees:  1407
auc: 0.9044515528522641
-----------
[0.011878857605065265, 10.851273008316747, 287.0, 739.0, 3.0, 0.9494528058727572, 0.9679354320100699, 7.981304681101093, 0.8456305378162154, 38.5, 3.9726479537317974, 30.0]
ntrees:  1312
auc: 0.9012539588069781
-----------
[0.03004012436379456, 10.851273008316747, 287.0, 739.0, 3.0, 0.9494528058727572, 0.9679354320100699, 5.579787426457124, 0.5841200149641762, 14.0, 1.183798769495072, 15.0]
ntrees:  615
auc: 0.9060007338853907
-----------
[0.011878857605065265, 10.851273008316747, 287.0, 739.0, 3.0, 0.9494528058727572, 0.9679354320100699, 5.579787426457124, 0.8456305378162154, 7.0, 0.8184855809672315, 0.0]
ntrees:  843
auc: 0.9053721831736995
-----------
[0.018579763389014355, 46.737165685221896, 389.0, 594.8, 9.0, 0.414483783128618, 0.9679354320100699, 13.611663515814133, 0.5841200149641762, 14.0, 2.4248606975818556, 15.0]
ntrees:  753
auc: 0.8873748277053715
-----------
[0.011878857605065265, 10.851273008316747, 287.0, 739.0, 3.0, 0.9494528058727572, 0.9679354320100699, 13.611663515814133, 0.8456305378162154, 7.0, 0.8184855809672315, 0.0]
ntrees:  861
auc: 0.9004727984934281
-----------
[0.03004012436379456, 10.851273008316747, 287.0, 739.0, 3.0, 0.9494528058727572, 0.9679354320100699, 5.579787426457124, 0.5841200149641762, 14.0, 1.1442053485903692, 10.4]
ntrees:  651
auc: 0.9065215801618347
-----------
[0.03004012436379456, 10.851273008316747, 287.0, 739.0, 3.0, 0.4617690139705769, 0.9679354320100699, 13.611663515814133, 0.465993781879919, 89.0, 3.9726479537317974, 30.0]
ntrees:  547
auc: 0.887255286708875
-----------
[0.011878857605065265, 43.039724746726804, 413.0, 258.0, 6.0, 0.9494528058727572, 0.9679354320100699, 5.579787426457124, 0.5841200149641762, 14.0, 1.359455129541425, 15.0]
ntrees:  4755
auc: 0.9065516115774113
-----------
[0.011878857605065265, 10.851273008316747, 287.0, 739.0, 3.0, 0.9494528058727572, 0.9679354320100699, 13.611663515814133, 0.8456305378162154, 38.5, 3.9726479537317974, 30.0]
ntrees:  1260
auc: 0.8990221036852866
-----------
[0.011878857605065265, 10.851273008316747, 287.0, 739.0, 3.0, 0.9494528058727572, 0.9679354320100699, 13.611663515814133, 0.5841200149641762, 14.0, 1.1616783206582766, 15.0]
ntrees:  1410
auc: 0.9016305037926846
-----------
[0.07956673281284497, 97.06758488170973, 210.1, 739.0, 3.0, 0.9494528058727572, 0.9679354320100699, 5.579787426457124, 0.5841200149641762, 14.0, 2.4248606975818556, 15.0]
ntrees:  280
auc: 0.9023448380492998
-----------
[0.03004012436379456, 10.851273008316747, 161.8, 739.0, 3.0, 0.9494528058727572, 0.9679354320100699, 13.611663515814133, 0.5841200149641762, 14.0, 2.4248606975818556, 15.0]
ntrees:  645
auc: 0.8998742920790687
-----------
[0.011878857605065265, 46.272363608603314, 355.0, 1415.0, 3.0, 0.9494528058727572, 0.9679354320100699, 13.611663515814133, 0.5841200149641762, 14.0, 2.4248606975818556, 15.0]
ntrees:  1539
auc: 0.9040680699018567
-----------
[0.07312597466423151, 10.851273008316747, 287.0, 739.0, 3.0, 0.9494528058727572, 0.9679354320100699, 5.579787426457124, 0.5841200149641762, 14.0, 2.4248606975818556, 15.0]
ntrees:  210
auc: 0.9040240716126183
-----------
[0.011878857605065265, 10.851273008316747, 147.70000000000002, 739.0, 3.0, 0.46254024191185533, 0.9679354320100699, 13.611663515814133, 0.5841200149641762, 14.0, 2.4248606975818556, 15.0]
ntrees:  869
auc: 0.8895457674548414
-----------
[0.03004012436379456, 10.851273008316747, 128.60000000000002, 739.0, 3.0, 0.9494528058727572, 0.9679354320100699, 5.579787426457124, 0.5841200149641762, 14.0, 2.4248606975818556, 15.0]
ntrees:  571
auc: 0.9038171629891318
-----------
[0.018963550063581865, 10.851273008316747, 287.0, 739.0, 3.0, 0.9494528058727572, 0.9679354320100699, 5.579787426457124, 0.8456305378162154, 89.0, 3.9726479537317974, 12.1]
ntrees:  756
auc: 0.9012359997046218
-----------
[0.011878857605065265, 10.851273008316747, 287.0, 739.0, 3.0, 0.9494528058727572, 0.9679354320100699, 5.579787426457124, 0.5841200149641762, 14.0, 3.9726479537317974, 30.0]
ntrees:  1380
auc: 0.9050352762227316
-----------
[0.011878857605065265, 43.039724746726804, 413.0, 258.0, 6.0, 0.4775764442615593, 0.9679354320100699, 13.611663515814133, 0.8456305378162154, 89.0, 2.4248606975818556, 15.0]
ntrees:  815
auc: 0.8867978793557771
-----------
[0.02670714007708605, 43.039724746726804, 413.0, 258.0, 6.0, 0.9494528058727572, 0.9679354320100699, 13.611663515814133, 0.5841200149641762, 14.0, 2.4248606975818556, 15.0]
ntrees:  1678
auc: 0.9014947186966031
-----------
[0.03369810619661726, 10.851273008316747, 287.0, 739.0, 3.0, 0.9494528058727572, 0.9679354320100699, 5.579787426457124, 0.8456305378162154, 38.5, 1.089313085301533, 30.0]
ntrees:  378
auc: 0.9026157548366204
-----------
[0.03004012436379456, 10.851273008316747, 287.0, 739.0, 3.0, 0.9494528058727572, 0.9679354320100699, 13.611663515814133, 0.8456305378162154, 38.5, 3.9726479537317974, 30.0]
ntrees:  472
auc: 0.8986286822488895
-----------
[0.018579763389014355, 46.737165685221896, 389.0, 1122.0, 6.0, 0.9494528058727572, 0.4791533199585283, 7.981304681101093, 0.5841200149641762, 14.0, 2.4248606975818556, 15.0]
ntrees:  1426
auc: 0.9039565218053145
-----------
[0.018579763389014355, 46.737165685221896, 287.0, 311.20000000000005, 3.0, 0.9494528058727572, 0.9679354320100699, 5.579787426457124, 0.5841200149641762, 14.0, 2.4248606975818556, 15.0]
ntrees:  2468
auc: 0.9054269818164993
-----------
[0.011878857605065265, 10.851273008316747, 389.0, 1122.0, 9.0, 0.8197529105756962, 0.9679354320100699, 13.611663515814133, 0.8456305378162154, 89.0, 3.9726479537317974, 30.0]
ntrees:  1410
auc: 0.8970865205988373
-----------
[0.25678353658102826, 90.96901335252969, 27.0, 527.0, 5.0, 0.4602181270587017, 0.5471671421000336, 26.321864646659144, 3.1408692067583113, 88.0, 1.0647256703507386, 2.0]
ntrees:  38
auc: 0.87081464205089
-----------
[0.16813355944797345, 48.017536741967064, 254.0, 1111.0, 11.0, 0.40212322951871804, 0.7796603499539161, 95.25010586502228, 1.4647513931149292, 115.0, 3.452162073298545, 41.0]
ntrees:  188
auc: 0.878535057675826
-----------
[0.024088667390822945, 85.96414799530466, 386.0, 1611.0, 2.0, 0.48493437699310604, 0.8048798626165876, 21.910832268363343, 3.7234937851014354, 38.0, 2.6422803891723134, 38.0]
ntrees:  594
auc: 0.8862667532455998
-----------
[0.23044252487846667, 28.042924653361418, 412.0, 492.0, 3.0, 0.4065926926410913, 0.873347887898719, 25.341255874910352, 1.1724228219070705, 41.0, 3.850120891763254, 24.0]
ntrees:  48
auc: 0.8797025335692664
-----------
[0.0934621075456481, 47.62342426392915, 370.0, 1907.0, 6.0, 0.8629452661612109, 0.4182725382851769, 10.833946519795434, 1.9690093336337249, 62.0, 1.343787765075457, 9.0]
ntrees:  335
auc: 0.8951081601021104
-----------
[0.33155557168924366, 71.63914857391018, 406.0, 1233.0, 1.0, 0.4653107181248245, 0.7937381666882775, 23.643301391919547, 4.620950710151712, 67.0, 4.534715753394909, 12.0]
ntrees:  22
auc: 0.875428614730632
-----------
[0.15302326113528625, 4.304928962158157, 58.0, 94.0, 15.0, 0.4190260952737595, 0.8599093146486156, 78.86263019174022, 0.10046464840201053, 31.0, 4.639450122100512, 20.0]
ntrees:  153
auc: 0.8801731886275853
-----------
[0.09671588210097036, 26.158172565802523, 471.0, 800.0, 15.0, 0.5509864767719495, 0.767749622571684, 16.321421738942053, 2.790834180139099, 97.0, 4.161024835935345, 37.0]
ntrees:  155
auc: 0.8859800440523461
-----------
[0.26633773899569285, 95.06685143010402, 288.0, 231.0, 14.0, 0.5579314477704939, 0.5012753797788356, 70.23394748975736, 1.984303104328216, 5.0, 3.1491517728361864, 40.0]
ntrees:  80
auc: 0.8777958600900628
-----------
[0.14043602187885884, 54.77607321188645, 42.0, 99.0, 2.0, 0.640174055357284, 0.6704965985124616, 45.31878955433608, 0.09065397701481404, 16.0, 4.5000337741252725, 35.0]
ntrees:  217
auc: 0.8802305284721259
-----------
[0.299522272385293, 93.49986328544898, 228.0, 523.0, 5.0, 0.7496849880153396, 0.6536218435592539, 95.07690244952231, 1.8449728272036492, 103.0, 3.8873032733208723, 24.0]
ntrees:  98
auc: 0.8813273069616352
-----------
[0.018579763389014355, 46.737165685221896, 389.0, 739.0, 3.0, 0.9494528058727572, 0.9679354320100699, 3.944885445823133, 0.5841200149641762, 14.0, 2.4248606975818556, 15.0]
ntrees:  1219
auc: 0.90773211144583
-----------
[0.011878857605065265, 10.851273008316747, 287.0, 739.0, 3.0, 0.9494528058727572, 0.9679354320100699, 5.579787426457124, 0.5841200149641762, 14.0, 2.4248606975818556, 6.9]
ntrees:  1679
auc: 0.9060775793729794
-----------
[0.03004012436379456, 10.851273008316747, 287.0, 739.0, 3.0, 0.9494528058727572, 0.9679354320100699, 5.579787426457124, 0.5841200149641762, 14.0, 1.1442053485903692, 8.96]
ntrees:  689
auc: 0.9063237973437752
-----------
[0.011878857605065265, 10.851273008316747, 287.0, 739.0, 3.0, 0.9494528058727572, 0.9679354320100699, 3.944885445823133, 0.5841200149641762, 7.4, 2.4248606975818556, 15.0]
ntrees:  1515
auc: 0.9078135649715197
-----------
[0.018579763389014355, 46.737165685221896, 413.0, 258.0, 6.0, 0.9494528058727572, 0.9679354320100699, 5.579787426457124, 0.5841200149641762, 14.0, 1.359455129541425, 15.0]
ntrees:  3034
auc: 0.9060436174253791
-----------
[0.011878857605065265, 43.039724746726804, 389.0, 739.0, 3.0, 0.9494528058727572, 0.9679354320100699, 5.579787426457124, 0.5841200149641762, 14.0, 2.4248606975818556, 6.9]
ntrees:  1938
auc: 0.9073436716484864
-----------
[0.018579763389014355, 46.737165685221896, 389.0, 739.0, 3.0, 0.9494528058727572, 0.9679354320100699, 5.579787426457124, 0.5841200149641762, 14.0, 1.1442053485903692, 10.4]
ntrees:  1276
auc: 0.9070310381477314
-----------
[0.03004012436379456, 10.851273008316747, 287.0, 739.0, 3.0, 0.9494528058727572, 0.9679354320100699, 5.579787426457124, 0.49334536444546306, 14.0, 2.4248606975818556, 6.9]
ntrees:  641
auc: 0.9064561665488042
-----------
[0.011878857605065265, 10.851273008316747, 287.0, 739.0, 3.0, 0.9494528058727572, 0.9679354320100699, 5.579787426457124, 0.5841200149641762, 14.0, 1.183798769495072, 6.6]
ntrees:  1452
auc: 0.9065540513620307
-----------
[0.03004012436379456, 11.158984379109121, 141.10000000000002, 739.0, 3.0, 0.9494528058727572, 0.45762898534387797, 3.944885445823133, 0.44760227765114724, 14.0, 1.3121896288783246, 15.0]
ntrees:  864
auc: 0.9046932267841127
-----------
[0.011878857605065265, 10.851273008316747, 287.0, 739.0, 3.0, 0.9494528058727572, 0.9679354320100699, 5.579787426457124, 0.5841200149641762, 14.0, 1.3928918522386295, 15.0]
ntrees:  1414
auc: 0.9063295461541955
-----------
[0.03004012436379456, 4.943860818675218, 287.0, 739.0, 3.0, 0.9494528058727572, 0.9679354320100699, 5.579787426457124, 0.5841200149641762, 14.0, 1.183798769495072, 15.0]
ntrees:  480
auc: 0.9043683137688314
-----------
[0.018579763389014355, 27.15708587641081, 389.0, 739.0, 2.1, 0.9494528058727572, 0.9679354320100699, 5.579787426457124, 0.5841200149641762, 14.0, 2.4248606975818556, 6.9]
ntrees:  1278
auc: 0.9075177749343272
-----------
[0.018579763389014355, 10.851273008316747, 287.0, 739.0, 3.0, 0.9494528058727572, 0.9679354320100699, 3.5699768277515846, 0.5841200149641762, 14.0, 2.4248606975818556, 15.0]
ntrees:  960
auc: 0.9074363130067031
-----------
[0.011878857605065265, 46.737165685221896, 389.0, 1122.0, 3.0, 0.9494528058727572, 0.9679354320100699, 7.981304681101093, 0.5841200149641762, 14.0, 2.4248606975818556, 15.0]
ntrees:  1410
auc: 0.9058549780235342
-----------
[0.018579763389014355, 46.737165685221896, 389.0, 739.0, 3.0, 0.9494528058727572, 0.9679354320100699, 5.579787426457124, 0.5841200149641762, 14.0, 2.4248606975818556, 15.0]
ntrees:  1226
auc: 0.9068591445206724
-----------
[0.03004012436379456, 10.851273008316747, 287.0, 739.0, 1.5000000000000002, 0.9494528058727572, 0.9679354320100699, 5.579787426457124, 0.5841200149641762, 14.0, 1.359455129541425, 15.0]
ntrees:  587
auc: 0.9061530832223891
-----------
[0.011878857605065265, 43.039724746726804, 413.0, 258.0, 6.0, 0.9494528058727572, 0.9679354320100699, 5.579787426457124, 0.5841200149641762, 14.0, 1.1442053485903692, 10.4]
ntrees:  4934
auc: 0.9072294790667265
-----------
[0.03004012436379456, 10.851273008316747, 287.0, 739.0, 3.0, 0.4307154020963731, 0.9679354320100699, 3.944885445823133, 0.5841200149641762, 14.0, 2.4248606975818556, 15.0]
ntrees:  647
auc: 0.8916238553820431
-----------
[0.011878857605065265, 10.851273008316747, 287.0, 739.0, 3.0, 0.9494528058727572, 0.9679354320100699, 5.579787426457124, 0.5841200149641762, 14.0, 2.4248606975818556, 15.0]
ntrees:  1410
auc: 0.9058941069779042
-----------
[0.018579763389014355, 46.737165685221896, 287.0, 311.20000000000005, 3.0, 0.9494528058727572, 0.9679354320100699, 3.944885445823133, 0.5841200149641762, 14.0, 2.4248606975818556, 15.0]
ntrees:  2745
auc: 0.906071782659058
-----------
[0.011878857605065265, 10.851273008316747, 287.0, 739.0, 3.0, 0.9494528058727572, 0.9679354320100699, 5.579787426457124, 0.8456305378162154, 7.0, 0.8184855809672315, 0.0]
ntrees:  843
auc: 0.9053721831736995
-----------
[0.011878857605065265, 7.7036447254630085, 135.5, 739.0, 3.0, 0.9494528058727572, 0.9679354320100699, 3.944885445823133, 0.5841200149641762, 14.0, 2.4248606975818556, 15.0]
ntrees:  1437
auc: 0.9057237900830172
-----------
[0.018579763389014355, 46.737165685221896, 389.0, 548.8, 3.0, 0.9494528058727572, 0.9679354320100699, 7.981304681101093, 0.5841200149641762, 14.0, 2.4248606975818556, 15.0]
ntrees:  1409
auc: 0.9052193954649417
-----------
[0.03004012436379456, 10.851273008316747, 287.0, 739.0, 3.0, 0.9494528058727572, 0.9679354320100699, 5.579787426457124, 0.5841200149641762, 14.0, 2.4248606975818556, 6.9]
ntrees:  633
auc: 0.9056134506867636
-----------
[0.018579763389014355, 46.737165685221896, 287.0, 311.20000000000005, 3.0, 0.9494528058727572, 0.9679354320100699, 5.579787426457124, 0.368299515926819, 14.0, 2.4248606975818556, 15.0]
ntrees:  3129
auc: 0.9069029097888587
-----------
[0.011878857605065265, 10.851273008316747, 287.0, 739.0, 3.0, 0.9494528058727572, 0.9679354320100699, 3.944885445823133, 0.5841200149641762, 14.0, 3.9726479537317974, 30.0]
ntrees:  1385
auc: 0.9064631332993539
-----------
[0.018579763389014355, 46.737165685221896, 389.0, 739.0, 3.0, 0.9494528058727572, 0.9679354320100699, 5.579787426457124, 0.8456305378162154, 7.0, 0.5988264337602329, 0.0]
ntrees:  708
auc: 0.9055075125387093
-----------
[0.03004012436379456, 10.851273008316747, 287.0, 739.0, 3.0, 0.9494528058727572, 0.9679354320100699, 5.579787426457124, 0.5841200149641762, 14.0, 1.359455129541425, 15.0]
ntrees:  599
auc: 0.9061333290926032
-----------
[0.011878857605065265, 43.039724746726804, 413.0, 258.0, 6.0, 0.9494528058727572, 0.9679354320100699, 5.579787426457124, 0.5841200149641762, 14.0, 1.183798769495072, 15.0]
ntrees:  4845
auc: 0.9065471925042553
-----------
[0.03004012436379456, 10.851273008316747, 134.9, 739.0, 3.0, 0.9494528058727572, 0.9679354320100699, 5.579787426457124, 0.5841200149641762, 14.0, 1.183798769495072, 15.0]
ntrees:  628
auc: 0.9044249660459366
-----------
[0.3182309287381777, 96.35893626276372, 43.0, 1531.0, 5.0, 0.655537645605826, 0.4445229468786872, 49.643933958233646, 4.1212310957448395, 86.0, 1.5423516289235013, 30.0]
ntrees:  59
auc: 0.8750727930231635
-----------
[0.34659837621164824, 73.07470920661986, 309.0, 1989.0, 5.0, 0.8013616963971635, 0.7814252214006014, 15.855017980550635, 2.909734908824152, 31.0, 2.399667152892369, 23.0]
ntrees:  22
auc: 0.8823917911392394
-----------
[0.14668886320106952, 97.77903110940845, 61.0, 168.0, 1.0, 0.6995285089684535, 0.8056072308557916, 65.79833515198483, 0.20180530049612677, 16.0, 4.938018363477811, 17.0]
ntrees:  219
auc: 0.8821415402568353
-----------
[0.16401600001949387, 55.88002679261115, 114.0, 1507.0, 12.0, 0.6282384386879439, 0.6488139561735843, 40.37006015788833, 2.100893198808082, 106.0, 4.685199536949774, 13.0]
ntrees:  103
auc: 0.8831314926425288
-----------
[0.14083136834220353, 77.58218421280819, 131.0, 1941.0, 9.0, 0.6656263469892179, 0.8360577834001377, 81.86678080237907, 1.708235066510393, 106.0, 3.3654767112294186, 36.0]
ntrees:  150
auc: 0.8836261047359439
-----------
[0.24507670247050606, 35.981511234608966, 347.0, 228.0, 4.0, 0.5947478695931262, 0.9569012983177161, 20.295706615822816, 0.28487112373814627, 17.0, 3.6484994215428475, 33.0]
ntrees:  33
auc: 0.8819115770642236
-----------
[0.05196133980750846, 69.16466526027713, 338.0, 1853.0, 8.0, 0.8633904401808019, 0.914116216972013, 19.027369450035835, 0.665775593156987, 57.0, 3.1835774293702963, 45.0]
ntrees:  447
auc: 0.897029789368373
-----------
[0.26248572560922556, 23.32981562473631, 307.0, 109.0, 8.0, 0.9222043441627493, 0.43604841667094785, 68.84049475607603, 2.514594886873627, 68.0, 1.0890198059700413, 0.0]
ntrees:  80
auc: 0.8847842724335105
-----------
[0.23212809801983986, 41.63480321041982, 44.0, 1021.0, 19.0, 0.5332581688227115, 0.9324943175209979, 93.2704232292034, 4.549359391911734, 24.0, 3.567497554926035, 43.0]
ntrees:  49
auc: 0.8785951998222983
-----------
[0.3511050235092015, 37.651959953020544, 196.0, 1156.0, 3.0, 0.5608275315384972, 0.8163763450507011, 13.347602507732859, 3.8155955026730846, 8.0, 2.991471602689897, 3.0]
ntrees:  17
auc: 0.8746203149791272
-----------
[0.4394102764051185, 82.79359568313312, 401.0, 1888.0, 19.0, 0.5661503860028234, 0.835418362974502, 7.734817378466041, 3.122483247629816, 68.0, 1.6998566737842737, 5.0]
ntrees:  10
auc: 0.8708109570419076
-----------
[0.2858222451790221, 25.870143747543242, 498.0, 162.0, 10.0, 0.5211372057236596, 0.7530856319940527, 29.756734747982037, 1.095339722849607, 7.0, 4.929848288590738, 42.0]
ntrees:  39
auc: 0.8806431705017237
-----------
[0.39021496844997855, 69.80820182587087, 137.0, 1285.0, 17.0, 0.4740635710167618, 0.7013283074887529, 44.41256597407519, 2.203137797880358, 50.0, 1.345876581504426, 17.0]
ntrees:  17
auc: 0.8750926915199522
-----------
[0.4237957889647608, 52.307194937102835, 71.0, 866.0, 5.0, 0.911370667803299, 0.9779360724583784, 20.815317706673564, 0.1391491887374502, 91.0, 1.0341209002975829, 48.0]
ntrees:  132
auc: 0.8887709589617561
