-----------
[0.005211914716464551, 11.361502350421855, 126.0, 599.0, 3.6, 0.9958838042643324, 0.17736474556883752, 71.29010978089583, 1.4253313277376938, 50.0, 2.7400436617955988, 19.0]
ntrees:  3641
auc: 0.7713243159136342
-----------
[0.1759507806656072, 99.89319173330733, 78.0, 1142.0, 10.0, 0.7874796454121396, 0.4868794280546107, 70.15231102473251, 0.5148498584277261, 77.0, 2.5014577307963113, 2.0]
ntrees:  46
auc: 0.764606923636731
-----------
[0.2935134679578324, 91.32302202652552, 369.0, 194.0, 14.0, 0.9572896312705854, 0.8218736065459556, 18.773323092802585, 0.4884066011212679, 57.0, 1.2547587106172209, 32.0]
ntrees:  10
auc: 0.7581239862993943
-----------
[0.04039129705971328, 82.03271601759978, 84.0, 51.0, 6.0, 0.8170695686467944, 0.6743879877004734, 23.868937110776013, 1.5089278692144659, 31.0, 3.7938232179178444, 48.0]
ntrees:  269
auc: 0.7675756420833802
-----------
[0.2987751858776749, 75.75057255205145, 258.0, 347.0, 8.0, 0.4286679675234185, 0.4362768025176418, 17.84121965221678, 3.371084895315918, 99.0, 3.431608383133271, 37.0]
ntrees:  12
auc: 0.7551064490917596
-----------
[0.21802232850238012, 85.13980979720131, 113.0, 1051.0, 18.0, 0.9364769657587011, 0.6989856122755214, 11.818380924184947, 0.8646425033881888, 109.0, 1.7764712109600054, 31.0]
ntrees:  13
auc: 0.7593775884234908
-----------
[0.40247485730683524, 63.54492113076311, 224.0, 1568.0, 10.0, 0.8256077672878233, 0.5172869917457001, 98.87821479551403, 3.0383315342347643, 61.0, 4.300197679629305, 10.0]
ntrees:  20
auc: 0.7601027322722426
-----------
[0.3028205588981075, 71.0798902549446, 463.0, 1271.0, 5.0, 0.5975734076274252, 0.6569790645042414, 35.23629252205309, 2.5600844100531712, 53.0, 1.1365658698274332, 1.0]
ntrees:  8
auc: 0.755074948872291
-----------
[0.4557995934452432, 61.05235433312437, 390.0, 809.0, 4.0, 0.4848359611074928, 0.7562488406576053, 56.24205104420364, 4.824656901573168, 90.0, 3.535280128160852, 18.0]
ntrees:  13
auc: 0.7544604433454751
-----------
[0.20966977384551858, 53.85581976712536, 191.0, 1219.0, 11.0, 0.7134194412055975, 0.6403445383619293, 25.94809794074586, 1.643249702215606, 47.0, 1.728441002157025, 37.0]
ntrees:  26
auc: 0.7589921824605153
-----------
[0.3315416863904634, 13.315700361475376, 148.0, 375.0, 13.0, 0.6180640611639927, 0.8820509176804652, 92.53788728357458, 0.16141420376309668, 102.0, 3.192506540310565, 41.0]
ntrees:  21
auc: 0.7596948221610793
-----------
[0.3112384481070361, 64.01883938282685, 479.0, 752.0, 3.0, 0.5992966125933105, 0.79387696730321, 86.51908209202716, 0.6988923211913495, 35.0, 3.918452090812264, 26.0]
ntrees:  22
auc: 0.7586504049692917
-----------
[0.06924975264746261, 92.68860809113468, 113.0, 1166.0, 8.0, 0.5341404486207499, 0.7566685325591516, 29.584165469640844, 0.16479436787662782, 45.0, 3.036845987490167, 36.0]
ntrees:  77
auc: 0.7618840181225807
-----------
[0.22365323107245919, 99.83501480547478, 468.0, 594.0, 5.0, 0.6327200278802918, 0.5919896114891972, 65.16301793868581, 1.3625836841641341, 17.0, 4.009804408403602, 0.0]
ntrees:  34
auc: 0.7613204150990349
-----------
[0.163489031376502, 19.158753069430098, 170.0, 1261.0, 13.0, 0.9301611783986036, 0.8045098954577856, 7.626896361011671, 2.3015323948074036, 38.0, 3.6939557809117782, 6.0]
ntrees:  21
auc: 0.7582559418315435
-----------
[0.20020159639166352, 71.1630326422395, 353.0, 1867.0, 8.0, 0.5430440725490581, 0.5377035636720617, 71.93061644083811, 3.588529695070513, 21.0, 4.816838813367015, 38.0]
ntrees:  38
auc: 0.7628424691474727
-----------
[0.2235320350059238, 95.64745411203606, 368.0, 287.0, 2.0, 0.8488757112787619, 0.5454898965462514, 86.34905817266741, 4.379261436367285, 19.0, 1.952494063028749, 27.0]
ntrees:  54
auc: 0.7633342591666199
-----------
[0.4987719428350835, 12.454769213197082, 475.0, 883.0, 5.0, 0.46385347162836416, 0.4935086364973349, 98.40275718151665, 0.9526366947595843, 17.0, 2.6202753013423745, 1.0]
ntrees:  13
auc: 0.7504975667072131
-----------
[0.4892828503911796, 93.05168436310763, 137.0, 991.0, 9.0, 0.40421845015783364, 0.9172925849419019, 47.14153779629461, 0.24631291528611543, 31.0, 3.42156965095387, 44.0]
ntrees:  4
auc: 0.7494753914950403
-----------
[0.3442678628988371, 89.6051708945222, 360.0, 852.0, 5.0, 0.796701626753278, 0.9021181815905511, 44.927616422472575, 1.1239708237908097, 109.0, 4.016041118758968, 28.0]
ntrees:  10
auc: 0.7571666269538044
-----------
[0.3951602166802797, 37.40219696886877, 166.0, 1079.0, 2.0, 0.6036551306381359, 0.5088052325037798, 86.27333802065694, 3.891872848299078, 79.0, 4.761554873853537, 45.0]
ntrees:  22
auc: 0.7601233860284371
-----------
[0.46883505811870835, 40.09075229342749, 209.0, 745.0, 4.0, 0.9314880337154345, 0.4923863211646724, 62.23014226297816, 1.9702385188378453, 7.0, 3.5048279663446973, 10.0]
ntrees:  9
auc: 0.7524741030232349
-----------
[0.39463439430648406, 38.44047411886523, 213.0, 1512.0, 8.0, 0.8792656579542661, 0.8205196686945502, 58.88521735240445, 0.11270752374369863, 60.0, 2.1798031535618088, 15.0]
ntrees:  9
auc: 0.7561770631950068
-----------
[0.16032475720810369, 64.09535806569929, 44.0, 389.0, 8.0, 0.47725871455129776, 0.5140412097140988, 72.88849971203646, 4.549490511010147, 116.0, 2.2872489711605035, 26.0]
ntrees:  54
auc: 0.7652731977037477
-----------
[0.3618769012022057, 74.62564941095236, 63.0, 32.0, 10.0, 0.556938724865133, 0.8957048995291429, 40.18055794601432, 4.547464159762501, 67.0, 1.754722277841275, 0.0]
ntrees:  28
auc: 0.7626675328800336
-----------
[0.2994929553864306, 39.99841649022313, 127.0, 165.0, 1.0, 0.8150753930423322, 0.9592678146733482, 87.15479993025266, 3.530970611325608, 92.0, 1.4092095030461893, 6.0]
ntrees:  22
auc: 0.7629246493213916
-----------
[0.28602294110838095, 90.51970943364563, 242.0, 1431.0, 1.0, 0.7684636739869601, 0.6513913354299915, 68.52232923705745, 0.044579983381426436, 45.0, 1.654342552315049, 43.0]
ntrees:  23
auc: 0.7597963428314188
-----------
[0.25638597282542097, 98.62809933140295, 473.0, 599.0, 14.0, 0.6871803672513273, 0.6282525467179585, 43.051540079076545, 0.12357193572831549, 91.0, 1.3659359350598947, 26.0]
ntrees:  25
auc: 0.7589532435019251
-----------
[0.28487104811901415, 23.057332870129382, 394.0, 189.0, 11.0, 0.6299423289035115, 0.6089296124098441, 78.25852018057525, 4.602739750199184, 103.0, 2.200740464612984, 6.0]
ntrees:  42
auc: 0.7627398829606322
-----------
[0.4357016594105465, 2.9185458080630964, 493.0, 1377.0, 9.0, 0.9802524359351826, 0.5582655628970561, 95.68710207882346, 2.6252869896234596, 57.0, 2.502766165445976, 21.0]
ntrees:  34
auc: 0.7611312196914289
-----------
[0.22930159557075902, 6.101596607583558, 68.0, 1790.0, 2.0, 0.8229818795217683, 0.4733762598722664, 92.67476454341889, 1.4646610691940194, 41.0, 3.8529166526422696, 16.0]
ntrees:  92
auc: 0.7667700332657617
-----------
[0.2692926132728056, 18.815708392120786, 238.0, 2017.0, 18.0, 0.534734958776824, 0.6223509918638184, 88.7884157678492, 3.653162389106806, 88.0, 4.417421059389254, 43.0]
ntrees:  50
auc: 0.7633289400679317
-----------
[0.026168238944567632, 67.63394713756233, 112.0, 1933.0, 2.0, 0.42741997385881453, 0.7980951411516735, 31.999661634791998, 0.7757344824954227, 92.0, 3.8191149183295208, 35.0]
ntrees:  240
auc: 0.7658935692957436
-----------
[0.06913425283693031, 31.511761069016593, 394.0, 1796.0, 11.0, 0.8280794135377711, 0.9371957790967751, 36.79217224143274, 4.87354093182241, 49.0, 4.876851597688747, 49.0]
ntrees:  102
auc: 0.7668698530752565
-----------
[0.3149661422286473, 85.14867642614738, 247.0, 50.0, 17.0, 0.7335842313579986, 0.6883556881013023, 57.75936719748817, 2.456479470993112, 24.0, 3.8864475132912557, 1.0]
ntrees:  23
auc: 0.7620254001391896
-----------
[0.27893331212501454, 36.90425024378776, 154.0, 1745.0, 5.0, 0.9694233667988881, 0.4145992918568276, 81.28475626380516, 4.198104818950905, 102.0, 3.8060780400906395, 42.0]
ntrees:  37
auc: 0.764200926354907
-----------
[0.12711849922942792, 85.10839941513393, 30.0, 985.0, 6.0, 0.9166921645901434, 0.6177973681122825, 14.868676658125379, 1.2316597109832572, 36.0, 4.536853382677227, 24.0]
ntrees:  44
auc: 0.7617344112109345
-----------
[0.3626889960874135, 28.321538262024465, 344.0, 279.0, 12.0, 0.8745121883591964, 0.7491569708512122, 3.962414288774918, 4.2102914293088025, 45.0, 1.7111149757716495, 22.0]
ntrees:  9
auc: 0.7506247968246018
-----------
[0.4988308583202239, 42.640499500981754, 38.0, 703.0, 14.0, 0.5411839351931805, 0.5452334044578985, 9.94504968432367, 3.005142033625512, 9.0, 1.2741641633599645, 31.0]
ntrees:  6
auc: 0.7393128780741588
-----------
[0.10289764404573147, 12.493052448791556, 125.0, 1308.0, 9.0, 0.9011265927831394, 0.9286623647774926, 53.43606671181838, 1.3080933558178875, 5.0, 4.139283651276019, 5.0]
ntrees:  59
auc: 0.766647556444268
-----------
[0.09341308262595635, 71.09608234240665, 308.0, 736.0, 7.0, 0.5249173028579645, 0.427824456916742, 60.18167109650053, 4.295731599898788, 52.0, 1.176308733135277, 14.0]
ntrees:  80
auc: 0.7660878057385245
-----------
[0.25310495423712026, 22.450706745087736, 353.0, 493.0, 8.0, 0.5142146847597935, 0.9439531047781057, 42.8717492349433, 3.2325952338294535, 80.0, 3.628506293833703, 25.0]
ntrees:  24
auc: 0.7611223563988136
-----------
[0.355345303784171, 33.60416930887104, 309.0, 1647.0, 19.0, 0.5158018724725673, 0.8370144976086085, 47.4841827403422, 1.154398871513097, 114.0, 1.479200999300533, 1.0]
ntrees:  8
auc: 0.7544505027966316
-----------
[0.001901909802560959, 5.642797327735218, 87.0, 574.0, 5.0, 0.7304077762480689, 0.8129544076115592, 57.27160733392325, 0.6588710511088736, 113.0, 4.804530667228001, 43.0]
ntrees:  5291
auc: 0.7707430081097734
-----------
[0.025452323506799365, 35.79672502945479, 503.0, 1705.0, 7.0, 0.5637498529628235, 0.6337538076756403, 59.93706980432572, 4.6967870883741165, 33.0, 2.3437432836378234, 42.0]
ntrees:  416
auc: 0.7686237095331026
-----------
[0.0835475556758699, 42.66896859795554, 108.0, 1672.0, 7.0, 0.8114800671603395, 0.9950330069341804, 88.02572207639527, 3.958772856211858, 113.0, 1.812951229610166, 11.0]
ntrees:  152
auc: 0.7681955412234018
-----------
[0.020916227493575752, 85.1061790630284, 169.0, 41.0, 3.0, 0.8046870535402568, 0.5567272093623911, 71.74552474279238, 4.706754746515642, 71.0, 2.2599300894231393, 45.0]
ntrees:  850
auc: 0.7699332588993393
-----------
[0.2959707600724378, 35.13271140204272, 463.0, 413.0, 8.0, 0.6568021445563161, 0.7544943266255344, 74.70053102907912, 0.822810835325406, 101.0, 1.9946972359690642, 6.0]
ntrees:  20
auc: 0.7598173037855804
-----------
[0.2692018820920528, 77.54053129475749, 234.0, 1595.0, 16.0, 0.5567795937452966, 0.5530067192403088, 21.12168220518118, 2.5777894808825863, 112.0, 3.185136585207534, 48.0]
ntrees:  13
auc: 0.7571687077540025
-----------
[0.1918579677948263, 37.80947976431514, 223.0, 570.0, 12.0, 0.6263318357235581, 0.4370620471202977, 37.78770237045536, 4.73624908397146, 45.0, 2.527652353832468, 40.0]
ntrees:  40
auc: 0.7624435645402288
-----------
[0.001901909802560959, 5.642797327735218, 87.0, 362.6, 5.0, 0.7304077762480689, 0.8129544076115592, 25.760546650347898, 0.6588710511088736, 113.0, 4.804530667228001, 43.0]
ntrees:  3315
auc: 0.7701953225298992
-----------
[0.005211914716464551, 11.361502350421855, 126.0, 599.0, 3.6, 0.9958838042643324, 0.17736474556883752, 71.29010978089583, 0.6351902812490972, 50.0, 2.7400436617955988, 19.0]
ntrees:  2871
auc: 0.7712033710391003
-----------
[0.020916227493575752, 85.1061790630284, 116.80000000000001, 41.0, 3.0, 0.8046870535402568, 0.29914755350871725, 71.74552474279238, 4.706754746515642, 71.0, 2.2599300894231393, 45.0]
ntrees:  820
auc: 0.7703277587141202
-----------
[0.001901909802560959, 5.642797327735218, 87.0, 41.0, 3.0, 0.8046870535402568, 0.5567272093623911, 71.74552474279238, 4.706754746515642, 71.0, 2.2599300894231393, 45.0]
ntrees:  7526
auc: 0.7706758095123328
-----------
[0.020916227493575752, 85.1061790630284, 169.0, 574.0, 5.0, 0.7304077762480689, 0.8129544076115592, 57.27160733392325, 0.6588710511088736, 113.0, 4.804530667228001, 43.0]
ntrees:  460
auc: 0.7688358499711074
-----------
[0.005211914716464551, 11.361502350421855, 126.0, 599.0, 3.6, 0.484913643399798, 0.17736474556883752, 71.29010978089583, 1.4253313277376938, 33.0, 2.3437432836378234, 42.0]
ntrees:  3528
auc: 0.7711237181613301
-----------
[0.025452323506799365, 35.79672502945479, 503.0, 1705.0, 3.0000000000000004, 0.5637498529628235, 0.6337538076756403, 59.93706980432572, 2.2867048999521087, 50.0, 2.7400436617955988, 19.0]
ntrees:  428
auc: 0.7690552212410919
-----------
[0.005211914716464551, 42.66896859795554, 108.0, 1672.0, 7.0, 0.8114800671603395, 0.9950330069341804, 88.02572207639527, 3.958772856211858, 113.0, 1.812951229610166, 11.0]
ntrees:  1895
auc: 0.7698229712171945
-----------
[0.0835475556758699, 11.361502350421855, 126.0, 599.0, 3.6, 0.9958838042643324, 0.17736474556883752, 71.29010978089583, 1.4253313277376938, 50.0, 2.7400436617955988, 19.0]
ntrees:  194
auc: 0.7703428552353649
-----------
[0.001901909802560959, 5.642797327735218, 87.0, 574.0, 5.0, 0.7304077762480689, 0.8129544076115592, 57.27160733392325, 0.6588710511088736, 33.0, 2.3437432836378234, 42.0]
ntrees:  4320
auc: 0.7703214211641164
-----------
[0.025452323506799365, 35.79672502945479, 503.0, 1705.0, 7.0, 0.5637498529628235, 0.6337538076756403, 59.93706980432572, 4.6967870883741165, 113.0, 4.804530667228001, 43.0]
ntrees:  513
auc: 0.7691850582235628
-----------
[0.001901909802560959, 5.642797327735218, 108.0, 1672.0, 7.0, 0.8114800671603395, 0.9950330069341804, 88.02572207639527, 3.958772856211858, 113.0, 1.812951229610166, 11.0]
ntrees:  8525
auc: 0.7706818634395483
-----------
[0.0835475556758699, 42.66896859795554, 87.0, 574.0, 5.0, 0.7304077762480689, 0.8129544076115592, 57.27160733392325, 0.6588710511088736, 113.0, 4.804530667228001, 43.0]
ntrees:  92
auc: 0.7666569946480036
-----------
[0.005211914716464551, 82.03271601759978, 84.0, 51.0, 6.0, 0.8170695686467944, 0.6743879877004734, 23.868937110776013, 1.5089278692144659, 31.0, 3.7938232179178444, 48.0]
ntrees:  2243
auc: 0.7694903500237171
-----------
[0.04039129705971328, 11.361502350421855, 126.0, 599.0, 3.6, 0.9958838042643324, 0.17736474556883752, 71.29010978089583, 1.4253313277376938, 50.0, 2.7400436617955988, 19.0]
ntrees:  508
auc: 0.7706922413345478
-----------
[0.025452323506799365, 35.79672502945479, 503.0, 1705.0, 7.0, 0.8046870535402568, 0.5567272093623911, 71.74552474279238, 4.706754746515642, 71.0, 2.2599300894231393, 45.0]
ntrees:  523
auc: 0.7697156520308905
-----------
[0.020916227493575752, 85.1061790630284, 169.0, 41.0, 3.0, 0.5637498529628235, 0.6337538076756403, 59.93706980432572, 4.6967870883741165, 33.0, 2.3437432836378234, 42.0]
ntrees:  835
auc: 0.7687497962347133
-----------
[0.04039129705971328, 82.03271601759978, 87.0, 574.0, 5.0, 0.7304077762480689, 0.8129544076115592, 57.27160733392325, 0.6588710511088736, 113.0, 2.223819737214382, 43.0]
ntrees:  222
auc: 0.7679324198746853
-----------
[0.001901909802560959, 5.642797327735218, 84.0, 51.0, 6.0, 0.8170695686467944, 0.6743879877004734, 23.868937110776013, 1.5089278692144659, 31.0, 3.7938232179178444, 20.400000000000002]
ntrees:  5384
auc: 0.7714762276040409
-----------
[0.005211914716464551, 11.361502350421855, 126.0, 1796.0, 11.0, 0.8280794135377711, 0.9371957790967751, 36.79217224143274, 4.87354093182241, 49.0, 4.876851597688747, 49.0]
ntrees:  1568
auc: 0.7694097428589313
-----------
[0.06642152518243025, 31.511761069016593, 394.0, 599.0, 3.6, 0.9958838042643324, 0.17736474556883752, 71.29010978089583, 1.4253313277376938, 50.0, 2.7400436617955988, 19.0]
ntrees:  188
auc: 0.7691445593804449
-----------
[0.0835475556758699, 42.66896859795554, 83.4, 1672.0, 7.0, 0.8114800671603395, 0.9950330069341804, 71.74552474279238, 4.706754746515642, 71.0, 2.2599300894231393, 45.0]
ntrees:  161
auc: 0.7679114263724685
-----------
[0.020916227493575752, 85.1061790630284, 169.0, 41.0, 3.0, 0.8046870535402568, 0.5567272093623911, 88.02572207639527, 3.958772856211858, 113.0, 1.812951229610166, 11.0]
ntrees:  969
auc: 0.7704385434753394
-----------
[0.005211914716464551, 11.361502350421855, 68.0, 1790.0, 2.0, 0.8229818795217683, 0.4733762598722664, 43.92951885077729, 1.4646610691940194, 41.0, 3.8529166526422696, 16.0]
ntrees:  1929
auc: 0.7707306879452072
-----------
[0.22930159557075902, 6.101596607583558, 126.0, 599.0, 3.6, 0.9958838042643324, 0.17736474556883752, 71.29010978089583, 1.4253313277376938, 50.0, 2.7400436617955988, 19.0]
ntrees:  232
auc: 0.7690650279134733
-----------
[0.10289764404573147, 12.493052448791556, 125.0, 1308.0, 9.0, 0.9011265927831394, 0.9286623647774926, 53.43606671181838, 1.3080933558178875, 5.0, 4.139283651276019, 2.5]
ntrees:  61
auc: 0.7670825802836422
-----------
[0.06913425283693031, 31.511761069016593, 394.0, 1796.0, 5.0, 0.3328585691555929, 0.8129544076115592, 57.27160733392325, 0.6588710511088736, 113.0, 2.170366990824246, 43.0]
ntrees:  114
auc: 0.7636983542131557
-----------
[0.001901909802560959, 5.642797327735218, 87.0, 574.0, 11.0, 0.8280794135377711, 0.9371957790967751, 36.79217224143274, 4.87354093182241, 49.0, 4.876851597688747, 49.0]
ntrees:  5586
auc: 0.7705418877685901
-----------
[0.22930159557075902, 6.101596607583558, 68.0, 1790.0, 2.0, 0.8229818795217683, 0.4733762598722664, 92.67476454341889, 1.4646610691940194, 113.0, 4.804530667228001, 43.0]
ntrees:  77
auc: 0.7665415282445126
-----------
[0.001901909802560959, 5.642797327735218, 87.0, 574.0, 5.0, 0.7304077762480689, 0.8129544076115592, 57.27160733392325, 0.6588710511088736, 41.0, 3.8529166526422696, 16.0]
ntrees:  5215
auc: 0.7707242464122377
-----------
[0.04039129705971328, 82.03271601759978, 84.0, 51.0, 6.0, 0.8046870535402568, 0.5567272093623911, 71.74552474279238, 4.706754746515642, 71.0, 2.2599300894231393, 45.0]
ntrees:  513
auc: 0.7696557303202796
-----------
[0.020916227493575752, 85.1061790630284, 169.0, 41.0, 3.0, 0.8170695686467944, 0.6743879877004734, 23.868937110776013, 1.5089278692144659, 31.0, 3.7938232179178444, 48.0]
ntrees:  670
auc: 0.7685125230260568
-----------
[0.005211914716464551, 71.09608234240665, 308.0, 736.0, 7.0, 0.5249173028579645, 0.427824456916742, 60.18167109650053, 4.295731599898788, 52.0, 1.176308733135277, 14.0]
ntrees:  2034
auc: 0.7698387432924175
-----------
[0.09341308262595635, 11.361502350421855, 126.0, 599.0, 3.6, 0.9958838042643324, 0.17736474556883752, 71.29010978089583, 1.4253313277376938, 50.0, 1.4292318467015404, 19.0]
ntrees:  194
auc: 0.7700621599479385
-----------
[0.10289764404573147, 12.493052448791556, 125.0, 1308.0, 9.0, 0.42603337671072855, 0.9286623647774926, 57.27160733392325, 0.6588710511088736, 113.0, 4.804530667228001, 43.0]
ntrees:  73
auc: 0.765042400257413
-----------
[0.001901909802560959, 7.698471638485301, 87.0, 574.0, 5.0, 0.7304077762480689, 0.8129544076115592, 53.43606671181838, 0.5638880711068114, 5.0, 4.139283651276019, 3.0]
ntrees:  29
auc: 0.7584897141225009
-----------
[0.005211914716464551, 11.361502350421855, 112.0, 1933.0, 1.6, 0.42741997385881453, 0.7980951411516735, 31.999661634791998, 0.7757344824954227, 92.0, 3.8191149183295208, 35.0]
ntrees:  1374
auc: 0.7692400565808348
-----------
[0.026168238944567632, 67.63394713756233, 126.0, 599.0, 3.6, 0.9958838042643324, 0.17736474556883752, 71.29010978089583, 1.4253313277376938, 50.0, 2.7400436617955988, 19.0]
ntrees:  557
auc: 0.7695003628544879
-----------
[0.09341308262595635, 71.09608234240665, 308.0, 736.0, 5.0, 0.7304077762480689, 0.8129544076115592, 57.27160733392325, 0.6588710511088736, 113.0, 4.804530667228001, 43.0]
ntrees:  108
auc: 0.7659545091123852
-----------
[0.001901909802560959, 5.642797327735218, 87.0, 574.0, 7.0, 0.5249173028579645, 0.427824456916742, 60.18167109650053, 4.295731599898788, 30.0, 1.176308733135277, 14.0]
ntrees:  9999
auc: 0.771181139139218
-----------
[0.07184857727315165, 10.030489552008172, 198.0, 1911.0, 3.0, 0.4254609221636691, 0.8793056260585164, 12.12775710139421, 4.652832209701245, 69.0, 2.5130179418924556, 0.0]
ntrees:  107
auc: 0.7664589006049998
-----------
[0.07683406060291825, 19.338986723884172, 205.0, 1489.0, 10.0, 0.5111616974138075, 0.52075364257031, 34.82710328142659, 2.0551964685474413, 90.0, 3.361194706063878, 44.0]
ntrees:  99
auc: 0.7659274587991004
-----------
[0.09371024351602217, 5.700347968017752, 119.0, 1203.0, 1.0, 0.747220378931257, 0.8368233597453356, 84.57493371507323, 1.0288658295183435, 32.0, 4.541750806178871, 4.0]
ntrees:  133
auc: 0.7693763583168474
-----------
[0.25716880058885017, 28.338661848550025, 308.0, 1881.0, 4.0, 0.6729790482846927, 0.6222340786327155, 78.89190853635827, 4.870520465168839, 99.0, 1.7780707043057475, 44.0]
ntrees:  43
auc: 0.7641835574335325
-----------
[0.48098530558057345, 38.68755167327958, 193.0, 1739.0, 18.0, 0.7873190430247732, 0.6480038474252292, 86.92718714200365, 3.7621083640429758, 12.0, 1.353087887407077, 27.0]
ntrees:  14
auc: 0.7561707114643126
-----------
[0.005211914716464551, 11.361502350421855, 126.0, 599.0, 3.6, 0.9958838042643324, 0.17736474556883752, 71.29010978089583, 0.9498691608572076, 31.0, 3.7938232179178444, 20.400000000000002]
ntrees:  3098
auc: 0.7712543322286671
-----------
[0.001901909802560959, 5.642797327735218, 84.0, 51.0, 6.0, 0.8170695686467944, 0.6743879877004734, 23.868937110776013, 1.5089278692144659, 50.0, 2.7400436617955988, 19.0]
ntrees:  6387
auc: 0.7716453076491486
-----------
[0.005211914716464551, 11.361502350421855, 126.0, 599.0, 3.6, 0.9958838042643324, 0.17736474556883752, 23.868937110776013, 1.5089278692144659, 31.0, 3.7938232179178444, 20.400000000000002]
ntrees:  1899
auc: 0.7702823886944193
-----------
[0.001901909802560959, 5.642797327735218, 84.0, 51.0, 6.0, 0.8170695686467944, 0.6743879877004734, 71.29010978089583, 0.6351902812490972, 50.0, 2.7400436617955988, 19.0]
ntrees:  6993
auc: 0.7713938745092181
-----------
[0.001901909802560959, 5.642797327735218, 84.0, 51.0, 6.0, 0.8170695686467944, 0.6743879877004734, 60.18167109650053, 4.295731599898788, 30.0, 1.176308733135277, 14.0]
ntrees:  9141
auc: 0.7711445563007892
-----------
[0.001901909802560959, 5.642797327735218, 87.0, 574.0, 7.0, 0.5249173028579645, 0.427824456916742, 23.868937110776013, 1.5089278692144659, 31.0, 3.7938232179178444, 20.400000000000002]
ntrees:  4760
auc: 0.771114750092246
-----------
[0.005211914716464551, 11.361502350421855, 126.0, 599.0, 3.6, 0.484913643399798, 0.17736474556883752, 30.571344150635344, 1.4253313277376938, 31.0, 3.7938232179178444, 20.400000000000002]
ntrees:  2424
auc: 0.7708234269889533
-----------
[0.001901909802560959, 5.642797327735218, 84.0, 51.0, 6.0, 0.8170695686467944, 0.6743879877004734, 23.868937110776013, 1.5089278692144659, 33.0, 2.3437432836378234, 42.0]
ntrees:  5882
auc: 0.7715220070933846
-----------
[0.004780861367959571, 11.361502350421855, 90.70000000000002, 599.0, 3.6, 0.9958838042643324, 0.17736474556883752, 71.29010978089583, 1.4253313277376938, 50.0, 2.7400436617955988, 19.0]
ntrees:  4228
auc: 0.7714294521371327
-----------
[0.005211914716464551, 11.361502350421855, 87.0, 574.0, 4.5, 0.5249173028579645, 0.427824456916742, 24.088098711894826, 4.295731599898788, 30.0, 1.176308733135277, 14.0]
ntrees:  2031
auc: 0.7707908694610209
-----------
[0.001901909802560959, 2.6147896616599198, 126.0, 599.0, 3.6, 0.9958838042643324, 0.17736474556883752, 71.29010978089583, 1.4253313277376938, 50.0, 2.7400436617955988, 19.0]
ntrees:  9952
auc: 0.7704795588787778
-----------
[0.005211914716464551, 11.361502350421855, 126.0, 250.10000000000002, 3.6, 0.484913643399798, 0.17736474556883752, 71.29010978089583, 1.4253313277376938, 33.0, 2.3437432836378234, 42.0]
ntrees:  3528
auc: 0.7711237181613301
-----------
[0.005211914716464551, 11.361502350421855, 126.0, 599.0, 3.6, 0.9958838042643324, 0.17736474556883752, 60.18167109650053, 4.295731599898788, 30.0, 1.176308733135277, 14.0]
ntrees:  3609
auc: 0.7711193509023319
-----------
[0.001901909802560959, 5.642797327735218, 87.0, 574.0, 7.0, 0.5249173028579645, 0.427824456916742, 71.29010978089583, 0.6351902812490972, 50.0, 2.7400436617955988, 19.0]
ntrees:  7888
auc: 0.7714272520658589
-----------
[0.005211914716464551, 11.361502350421855, 126.0, 428.6, 3.6, 0.484913643399798, 0.11401904761686811, 71.29010978089583, 1.4253313277376938, 33.0, 2.3437432836378234, 42.0]
ntrees:  4166
auc: 0.7707670377397253
-----------
[0.005211914716464551, 11.361502350421855, 126.0, 599.0, 3.6, 0.484913643399798, 0.17736474556883752, 71.29010978089583, 4.295731599898788, 30.0, 1.176308733135277, 14.0]
ntrees:  4439
auc: 0.7709480886980689
-----------
[0.001901909802560959, 5.642797327735218, 87.0, 574.0, 7.0, 0.5249173028579645, 0.427824456916742, 60.18167109650053, 1.4253313277376938, 33.0, 2.3437432836378234, 42.0]
ntrees:  7679
auc: 0.7714561712605188
-----------
[0.001901909802560959, 5.642797327735218, 87.0, 574.0, 5.0, 0.7304077762480689, 0.8129544076115592, 57.27160733392325, 0.6588710511088736, 113.0, 4.804530667228001, 43.0]
ntrees:  5291
auc: 0.7707430081097734
-----------
[0.001901909802560959, 11.361502350421855, 68.0, 1790.0, 2.0, 0.8229818795217683, 0.4733762598722664, 43.92951885077729, 1.4646610691940194, 41.0, 3.8529166526422696, 16.0]
ntrees:  4337
auc: 0.7706388139462816
-----------
[0.005211914716464551, 11.350980379279845, 84.0, 51.0, 6.0, 0.8170695686467944, 0.6743879877004734, 23.868937110776013, 1.5089278692144659, 31.0, 3.7938232179178444, 20.400000000000002]
ntrees:  2754
auc: 0.7714803945248129
-----------
[0.001901909802560959, 5.642797327735218, 84.0, 51.0, 6.0, 0.8170695686467944, 0.8129544076115592, 57.27160733392325, 0.6588710511088736, 41.0, 3.8529166526422696, 16.0]
ntrees:  6381
auc: 0.7712233555440786
-----------
[0.001901909802560959, 5.642797327735218, 87.0, 574.0, 5.0, 0.7304077762480689, 0.6743879877004734, 23.868937110776013, 1.5089278692144659, 31.0, 3.7938232179178444, 20.400000000000002]
ntrees:  3710
auc: 0.7704960605407065
-----------
[0.001901909802560959, 5.642797327735218, 78.0, 51.0, 6.0, 0.8170695686467944, 0.6743879877004734, 23.868937110776013, 1.5089278692144659, 31.0, 3.7938232179178444, 20.400000000000002]
ntrees:  5280
auc: 0.7715129614585301
-----------
[0.04039129705971328, 11.361502350421855, 126.0, 599.0, 3.6, 0.9958838042643324, 0.17736474556883752, 71.29010978089583, 1.4253313277376938, 50.0, 1.281704495691274, 19.0]
ntrees:  532
auc: 0.7707782390202478
-----------
[0.001901909802560959, 5.642797327735218, 108.0, 1672.0, 7.0, 0.8114800671603395, 0.9950330069341804, 88.02572207639527, 3.958772856211858, 113.0, 1.812951229610166, 11.0]
ntrees:  8525
auc: 0.7706818634395483
-----------
[0.001901909802560959, 5.642797327735218, 87.0, 41.0, 3.0, 0.8170695686467944, 0.6743879877004734, 23.868937110776013, 1.5089278692144659, 31.0, 3.7938232179178444, 20.400000000000002]
ntrees:  5996
auc: 0.7715361100645264
-----------
[0.001901909802560959, 5.642797327735218, 84.0, 51.0, 6.0, 0.8046870535402568, 0.5567272093623911, 71.74552474279238, 4.706754746515642, 71.0, 2.2599300894231393, 45.0]
ntrees:  7517
auc: 0.7706110050656644
-----------
[0.005211914716464551, 11.361502350421855, 126.0, 599.0, 3.6, 0.9958838042643324, 0.17736474556883752, 71.29010978089583, 1.4253313277376938, 113.0, 4.804530667228001, 43.0]
ntrees:  3382
auc: 0.7712604353707823
-----------
[0.001901909802560959, 9.835859547578266, 87.0, 574.0, 5.0, 0.7304077762480689, 0.8129544076115592, 57.27160733392325, 0.6588710511088736, 50.0, 1.464179629863401, 19.0]
ntrees:  4415
auc: 0.7703535562683698
-----------
[0.005211914716464551, 11.361502350421855, 68.0, 1790.0, 2.0, 0.8229818795217683, 0.4733762598722664, 43.92951885077729, 1.4646610691940194, 41.0, 3.8529166526422696, 16.0]
ntrees:  1929
auc: 0.7707306869226832
-----------
[0.005211914716464551, 11.361502350421855, 61.60000000000001, 599.0, 3.6, 0.9958838042643324, 0.8129544076115592, 57.27160733392325, 0.6588710511088736, 41.0, 3.8529166526422696, 7.2]
ntrees:  1589
auc: 0.7696782449561215
-----------
[0.001901909802560959, 5.642797327735218, 87.0, 574.0, 5.0, 0.7304077762480689, 0.17736474556883752, 71.29010978089583, 1.4253313277376938, 50.0, 2.7400436617955988, 19.0]
ntrees:  221
auc: 0.7607431330627582
-----------
[0.001901909802560959, 5.642797327735218, 84.0, 51.0, 6.0, 0.8170695686467944, 0.6743879877004734, 23.868937110776013, 1.5089278692144659, 49.0, 4.876851597688747, 49.0]
ntrees:  5495
auc: 0.771426503300425
-----------
[0.001901909802560959, 5.642797327735218, 87.0, 574.0, 11.0, 0.8280794135377711, 0.9371957790967751, 36.79217224143274, 4.87354093182241, 31.0, 3.7938232179178444, 20.400000000000002]
ntrees:  5861
auc: 0.7706651097695929
-----------
[0.04039129705971328, 11.361502350421855, 126.0, 599.0, 3.6, 0.9958838042643324, 0.17736474556883752, 71.29010978089583, 1.4253313277376938, 50.0, 2.7400436617955988, 19.0]
ntrees:  508
auc: 0.7706922517996906
-----------
[0.43065549099608624, 46.340842702794795, 457.0, 134.0, 2.0, 0.8733020818662538, 0.7811429217143044, 98.65887960813406, 1.568487543156366, 31.0, 4.428591685498721, 24.0]
ntrees:  11
auc: 0.7593067644832313
-----------
[0.3910636610350236, 12.644452174857374, 31.0, 35.0, 19.0, 0.744828189711833, 0.6870625896994051, 44.167319621479784, 3.064739405585085, 45.0, 2.3956075767548097, 20.0]
ntrees:  29
auc: 0.7622050373359206
-----------
[0.08842315261786957, 70.36012210241243, 47.0, 1882.0, 9.0, 0.9489809589322938, 0.962936151716595, 54.43616170645341, 3.458545745908765, 102.0, 4.218395109702708, 26.0]
ntrees:  115
auc: 0.7668977605794561
-----------
[0.3013248748833468, 45.27511319563431, 55.0, 1846.0, 18.0, 0.9643394670653961, 0.9285255861197209, 56.28058971629133, 1.6374215411533695, 72.0, 3.732190223175391, 46.0]
ntrees:  17
auc: 0.7616646207086548
-----------
[0.1579920576026867, 30.64709167106353, 136.0, 537.0, 12.0, 0.8107020424723741, 0.4706655181070986, 93.12480948824673, 4.8986992412531, 82.0, 2.0173384956519964, 11.0]
ntrees:  104
auc: 0.767788678449711
-----------
[0.4208567902531381, 33.834195139478986, 189.0, 130.0, 16.0, 0.4853289217993781, 0.4310260136730102, 47.02339662089992, 4.389465228992876, 83.0, 2.68119916479275, 37.0]
ntrees:  17
auc: 0.7547577390921465
-----------
[0.3265465805097683, 81.78169841434577, 94.0, 1258.0, 3.0, 0.5998839666368241, 0.6111683765798837, 15.924176454503126, 3.4187581479794904, 16.0, 2.047888311153656, 30.0]
ntrees:  7
auc: 0.7539130439326129
-----------
[0.14984014954730057, 53.53199820905209, 480.0, 1544.0, 6.0, 0.6404889570959673, 0.4091636114882541, 98.47695430215063, 0.4695188252704169, 118.0, 4.204513915218803, 6.0]
ntrees:  75
auc: 0.7658573753443103
-----------
[0.3711120903201218, 14.479291164869203, 125.0, 1976.0, 15.0, 0.9009823918436688, 0.7167866737971904, 15.575990398311212, 1.393303917801683, 105.0, 1.0887589058987106, 45.0]
ntrees:  8
auc: 0.7497617087920859
-----------
[0.27711566943412863, 1.5106650967981496, 109.0, 1754.0, 5.0, 0.5989207370515097, 0.9666379510981056, 42.9083116910468, 4.601882389813713, 94.0, 4.965182846544067, 35.0]
ntrees:  24
auc: 0.764032526343849
-----------
[0.001901909802560959, 5.642797327735218, 71.2, 51.0, 6.0, 0.8170695686467944, 0.6743879877004734, 23.868937110776013, 1.5089278692144659, 31.0, 1.641082418429681, 20.400000000000002]
ntrees:  5863
auc: 0.7716001380273336
-----------
[0.001901909802560959, 5.642797327735218, 87.0, 41.0, 3.0, 0.8170695686467944, 0.6743879877004734, 23.868937110776013, 1.5089278692144659, 27.2, 1.5514000508009091, 19.0]
ntrees:  5719
auc: 0.7715286930913196
-----------
[0.001901909802560959, 5.642797327735218, 84.0, 51.0, 6.0, 0.8170695686467944, 0.6743879877004734, 23.868937110776013, 1.5089278692144659, 31.0, 3.7938232179178444, 20.400000000000002]
ntrees:  5384
auc: 0.7714762276040409
-----------
[0.001901909802560959, 5.642797327735218, 78.0, 51.0, 6.0, 0.8170695686467944, 0.6743879877004734, 23.868937110776013, 1.0347406234911856, 50.0, 2.7400436617955988, 19.0]
ntrees:  6027
auc: 0.7715579173543959
-----------
[0.001901909802560959, 5.642797327735218, 84.0, 51.0, 6.0, 0.8170695686467944, 0.6743879877004734, 23.868937110776013, 0.8095956071450108, 31.0, 3.7938232179178444, 20.400000000000002]
ntrees:  5856
auc: 0.7715978613169465
-----------
[0.005211914716464551, 11.350980379279845, 84.0, 51.0, 6.0, 0.8170695686467944, 0.6743879877004734, 23.868937110776013, 0.6685095205643107, 50.0, 2.7400436617955988, 19.0]
ntrees:  2318
auc: 0.7711537286330479
-----------
[0.025632323970683466, 5.642797327735218, 84.0, 51.0, 6.0, 0.8170695686467944, 0.6743879877004734, 23.868937110776013, 1.5089278692144659, 50.0, 2.7400436617955988, 8.600000000000001]
ntrees:  535
auc: 0.771049223538383
-----------
[0.03538802311184668, 5.642797327735218, 84.0, 51.0, 6.0, 0.8170695686467944, 0.6743879877004734, 23.868937110776013, 1.5089278692144659, 31.0, 1.6917635506312074, 8.560000000000002]
ntrees:  406
auc: 0.7707481558928947
-----------
[0.001901909802560959, 5.642797327735218, 87.0, 574.0, 7.0, 0.5249173028579645, 0.427824456916742, 60.18167109650053, 1.4253313277376938, 33.0, 2.3437432836378234, 17.1]
ntrees:  7870
auc: 0.77148880406977
-----------
[0.001901909802560959, 5.642797327735218, 84.0, 51.0, 3.9000000000000004, 0.8170695686467944, 0.6743879877004734, 23.868937110776013, 1.5089278692144659, 50.0, 2.7400436617955988, 19.0]
ntrees:  6384
auc: 0.7716464249943363
-----------
[0.001901909802560959, 5.642797327735218, 60.2, 51.0, 6.0, 0.8170695686467944, 0.6743879877004734, 23.868937110776013, 1.5089278692144659, 50.0, 2.7400436617955988, 19.0]
ntrees:  6373
auc: 0.7715249858401577
-----------
[0.004780861367959571, 11.361502350421855, 90.70000000000002, 599.0, 3.6, 0.9958838042643324, 0.17736474556883752, 71.29010978089583, 0.9615416079994912, 50.0, 2.7400436617955988, 19.0]
ntrees:  3382
auc: 0.7713438268041012
-----------
[0.001901909802560959, 5.642797327735218, 84.0, 51.0, 6.0, 0.8170695686467944, 0.427824456916742, 71.29010978089583, 0.6351902812490972, 50.0, 2.7400436617955988, 19.0]
ntrees:  8112
auc: 0.7716976323690694
-----------
[0.001901909802560959, 5.642797327735218, 87.0, 574.0, 7.0, 0.5249173028579645, 0.6743879877004734, 23.868937110776013, 0.9319828468305809, 50.0, 2.7400436617955988, 19.0]
ntrees:  3683
auc: 0.7705525484651687
-----------
[0.001901909802560959, 5.642797327735218, 84.0, 51.0, 6.0, 0.8170695686467944, 0.6743879877004734, 23.868937110776013, 1.5089278692144659, 49.0, 4.876851597688747, 24.0]
ntrees:  5928
auc: 0.7715434344674194
-----------
[0.001901909802560959, 5.642797327735218, 84.0, 51.0, 6.0, 0.8170695686467944, 0.34346053799153897, 23.868937110776013, 1.5089278692144659, 50.0, 2.7400436617955988, 19.0]
ntrees:  6112
auc: 0.7718586548016235
-----------
[0.001901909802560959, 5.642797327735218, 84.0, 51.0, 3.0, 0.8170695686467944, 0.6743879877004734, 23.868937110776013, 1.5089278692144659, 31.0, 3.7938232179178444, 20.400000000000002]
ntrees:  5838
auc: 0.7716031786309474
-----------
[0.001901909802560959, 5.642797327735218, 87.0, 41.0, 6.0, 0.8170695686467944, 0.6743879877004734, 23.868937110776013, 1.5089278692144659, 33.0, 2.3437432836378234, 42.0]
ntrees:  5880
auc: 0.7714627231132685
-----------
[0.001901909802560959, 5.642797327735218, 78.0, 41.0, 3.0, 0.8170695686467944, 0.6743879877004734, 23.868937110776013, 1.5089278692144659, 31.0, 3.7938232179178444, 20.400000000000002]
ntrees:  5958
auc: 0.771592283847122
-----------
[0.001901909802560959, 5.642797327735218, 87.0, 51.0, 6.0, 0.8170695686467944, 0.6743879877004734, 23.868937110776013, 1.5089278692144659, 31.0, 3.7938232179178444, 20.400000000000002]
ntrees:  5382
auc: 0.7714707396215814
-----------
[0.001901909802560959, 10.503141372360377, 84.0, 51.0, 6.0, 0.8170695686467944, 0.6743879877004734, 71.29010978089583, 0.6351902812490972, 50.0, 2.7400436617955988, 19.0]
ntrees:  7010
auc: 0.7713138456206232
-----------
[0.005211914716464551, 11.350980379279845, 71.60000000000001, 41.0, 3.0, 0.8170695686467944, 0.6743879877004734, 23.868937110776013, 1.5089278692144659, 31.0, 3.7938232179178444, 11.460000000000003]
ntrees:  2775
auc: 0.7713400118740726
-----------
[0.001901909802560959, 5.642797327735218, 87.0, 41.0, 3.0, 0.8170695686467944, 0.31682810544463536, 23.868937110776013, 1.5089278692144659, 31.0, 3.7938232179178444, 20.400000000000002]
ntrees:  8055
auc: 0.77209516848996
-----------
[0.001901909802560959, 5.642797327735218, 68.1, 51.0, 6.0, 0.8170695686467944, 0.6743879877004734, 13.821847172629436, 1.5089278692144659, 31.0, 3.7938232179178444, 12.960000000000003]
ntrees:  5926
auc: 0.7714657602841246
-----------
[0.005211914716464551, 11.350980379279845, 84.0, 51.0, 6.0, 0.8170695686467944, 0.6743879877004734, 23.868937110776013, 1.5089278692144659, 33.0, 2.3437432836378234, 42.0]
ntrees:  2562
auc: 0.7711503792422367
-----------
[0.04714024098898072, 5.642797327735218, 84.0, 51.0, 6.0, 0.4139439089840065, 0.6743879877004734, 23.868937110776013, 1.5089278692144659, 33.0, 2.3437432836378234, 42.0]
ntrees:  227
auc: 0.7681544770801308
-----------
[0.006815295429592025, 5.642797327735218, 78.0, 51.0, 6.0, 0.8170695686467944, 0.6743879877004734, 23.868937110776013, 1.5089278692144659, 31.0, 3.7938232179178444, 20.400000000000002]
ntrees:  1642
auc: 0.7712517126610156
-----------
[0.001901909802560959, 5.642797327735218, 87.0, 574.0, 7.0, 0.8170695686467944, 0.6743879877004734, 23.868937110776013, 1.5089278692144659, 31.0, 3.7938232179178444, 20.400000000000002]
ntrees:  3543
auc: 0.7704095535944337
-----------
[0.001901909802560959, 5.642797327735218, 87.0, 41.0, 3.0, 0.5249173028579645, 0.427824456916742, 60.18167109650053, 1.4253313277376938, 33.0, 2.3437432836378234, 42.0]
ntrees:  7672
auc: 0.7714793411640926
-----------
[0.001901909802560959, 8.642545889318512, 78.0, 51.0, 6.0, 0.8170695686467944, 0.6743879877004734, 23.868937110776013, 1.5089278692144659, 31.0, 3.7938232179178444, 20.400000000000002]
ntrees:  5861
auc: 0.7713280275624035
-----------
[0.001901909802560959, 5.642797327735218, 87.0, 311.5, 7.0, 0.5249173028579645, 0.427824456916742, 27.45465646434208, 1.4253313277376938, 33.0, 2.3437432836378234, 42.0]
ntrees:  4139
auc: 0.770938283259403
-----------
[0.001901909802560959, 5.642797327735218, 84.0, 125.4, 6.0, 0.8170695686467944, 0.6743879877004734, 23.868937110776013, 1.5089278692144659, 33.0, 2.3437432836378234, 42.0]
ntrees:  4563
auc: 0.7711037561012724
-----------
[0.08929326859675507, 42.850060211712304, 261.0, 1307.0, 7.0, 0.7686237553316166, 0.6452796479747211, 89.73093532872925, 2.239708265160086, 36.0, 1.7003769355608989, 4.0]
ntrees:  108
auc: 0.7671809589337518
-----------
[0.24803862237515745, 96.3166999151046, 187.0, 1017.0, 8.0, 0.958008635612747, 0.6423895849877781, 59.36748553995251, 2.398405037151746, 77.0, 1.1184781051233776, 45.0]
ntrees:  29
auc: 0.761913459712558
-----------
[0.47517430130204336, 36.24000097624838, 371.0, 738.0, 19.0, 0.47220209290804016, 0.801647933255629, 46.63128577161611, 4.321642223381909, 72.0, 1.2008508537316978, 1.0]
ntrees:  5
auc: 0.7471388269240028
-----------
[0.04075821794698411, 73.81131538089282, 150.0, 788.0, 5.0, 0.7005548541813155, 0.6001030914216867, 20.880488219433836, 3.5326559290389854, 31.0, 3.3859116208977347, 14.0]
ntrees:  143
auc: 0.7660685289244376
-----------
[0.3953545296032529, 14.396328642745278, 53.0, 826.0, 6.0, 0.9113657978748813, 0.7930030175808145, 2.87098908029757, 3.7997140848718303, 10.0, 2.67955140238635, 17.0]
ntrees:  5
auc: 0.7401027066788588
-----------
[0.1713171981296624, 67.17720626681776, 276.0, 1075.0, 2.0, 0.8375808344415889, 0.5539132665577203, 57.10394152641227, 2.968783092963259, 105.0, 3.500117689733377, 7.0]
ntrees:  49
auc: 0.7644412229534224
-----------
[0.19160045239172596, 80.23043157424323, 203.0, 289.0, 10.0, 0.6634101327124824, 0.5554313872673107, 61.01707477828589, 3.9010467177471386, 48.0, 1.862250656853297, 27.0]
ntrees:  37
auc: 0.7619823942834143
-----------
[0.016772530361694786, 18.086227673406206, 350.0, 928.0, 12.0, 0.5206125729730431, 0.8536574438775331, 17.946878695218583, 1.6175544504144423, 53.0, 1.2663335060780532, 40.0]
ntrees:  331
auc: 0.7666695502007105
-----------
[0.40804976001338755, 25.381752869218925, 98.0, 245.0, 16.0, 0.920028412054982, 0.9341765034440243, 56.80177141629923, 0.1262457172182363, 117.0, 1.883183330095743, 10.0]
ntrees:  11
auc: 0.7591173151099078
-----------
[0.06177446257130818, 92.66108585901563, 280.0, 1610.0, 1.0, 0.4560981628677031, 0.759876200721961, 52.67874461792631, 0.08511316273194347, 62.0, 4.529018869337058, 16.0]
ntrees:  120
auc: 0.7647057432993869
-----------
[0.057582725753154276, 89.75626108225744, 402.0, 315.0, 9.0, 0.8478371985385154, 0.7491864845555452, 77.05703324255937, 3.12995742358217, 46.0, 4.032202426892603, 11.0]
ntrees:  183
auc: 0.7681346947494287
-----------
[0.1303777026432236, 62.354850696230656, 449.0, 306.0, 7.0, 0.681977538301751, 0.8978011282745387, 1.876388610740909, 1.7849198473478867, 60.0, 4.692010329455091, 36.0]
ntrees:  36
auc: 0.7580612793155275
-----------
[0.14394826047964165, 60.06439537424879, 493.0, 587.0, 5.0, 0.7384045078323926, 0.6488085692121819, 51.76951988010129, 1.8725261842845597, 113.0, 2.2090319009434753, 8.0]
ntrees:  45
auc: 0.7638066611648604
-----------
[0.001901909802560959, 5.642797327735218, 84.0, 51.0, 6.0, 0.8170695686467944, 0.31682810544463536, 23.868937110776013, 1.5089278692144659, 31.0, 3.7938232179178444, 20.400000000000002]
ntrees:  5984
auc: 0.7718659117286386
-----------
[0.001901909802560959, 5.970259487203467, 87.0, 41.0, 3.0, 0.8170695686467944, 0.34346053799153897, 23.868937110776013, 1.5089278692144659, 50.0, 2.7400436617955988, 19.0]
ntrees:  7617
auc: 0.7720294345392895
-----------
[0.001901909802560959, 5.642797327735218, 84.0, 51.0, 6.0, 0.8170695686467944, 0.427824456916742, 71.29010978089583, 0.6351902812490972, 31.0, 3.7938232179178444, 20.400000000000002]
ntrees:  8496
auc: 0.771728632634135
-----------
[0.001901909802560959, 6.24758264639577, 87.0, 41.0, 3.0, 0.8170695686467944, 0.31682810544463536, 23.868937110776013, 1.5089278692144659, 50.0, 2.7400436617955988, 19.0]
ntrees:  7675
auc: 0.7719929048456838
-----------
[0.001901909802560959, 5.642797327735218, 84.0, 51.0, 1.8600000000000003, 0.8170695686467944, 0.31682810544463536, 23.868937110776013, 1.5089278692144659, 31.0, 3.7938232179178444, 20.400000000000002]
ntrees:  5973
auc: 0.7718784487992636
-----------
[0.001901909802560959, 5.642797327735218, 87.0, 41.0, 3.0, 0.8170695686467944, 0.6743879877004734, 23.868937110776013, 1.5089278692144659, 50.0, 2.7400436617955988, 19.0]
ntrees:  6020
auc: 0.7715793467035802
-----------
[0.001901909802560959, 5.642797327735218, 84.0, 41.0, 3.0, 0.8170695686467944, 0.31682810544463536, 23.868937110776013, 1.5089278692144659, 31.0, 3.7938232179178444, 20.400000000000002]
ntrees:  7302
auc: 0.7719896192864095
-----------
[0.001901909802560959, 5.642797327735218, 87.0, 51.0, 6.0, 0.8170695686467944, 0.6743879877004734, 23.868937110776013, 1.5089278692144659, 50.0, 1.2888124640951166, 19.0]
ntrees:  5369
auc: 0.7714995986876463
-----------
[0.001901909802560959, 5.642797327735218, 84.0, 41.0, 3.0, 0.8170695686467944, 0.31682810544463536, 23.868937110776013, 1.5089278692144659, 31.0, 3.7938232179178444, 12.560000000000002]
ntrees:  7410
auc: 0.7719919765043709
-----------
[0.001901909802560959, 5.642797327735218, 87.0, 51.0, 3.0, 0.8170695686467944, 0.6743879877004734, 23.868937110776013, 1.5089278692144659, 31.0, 3.7938232179178444, 20.400000000000002]
ntrees:  5863
auc: 0.7715621729940283
-----------
[0.001901909802560959, 5.642797327735218, 71.2, 51.0, 6.0, 0.8170695686467944, 0.19248836717401302, 23.868937110776013, 0.8118551887210153, 31.0, 3.7938232179178444, 20.400000000000002]
ntrees:  7805
auc: 0.7719575031456046
-----------
[0.001901909802560959, 5.642797327735218, 87.0, 41.0, 3.0, 0.8170695686467944, 0.6743879877004734, 23.868937110776013, 1.5089278692144659, 31.0, 1.641082418429681, 20.400000000000002]
ntrees:  5942
auc: 0.7715149059709486
-----------
[0.013066439774509827, 5.642797327735218, 84.0, 51.0, 6.0, 0.8170695686467944, 0.6743879877004734, 23.868937110776013, 0.8095956071450108, 31.0, 3.7938232179178444, 20.400000000000002]
ntrees:  1095
auc: 0.7712493808729002
-----------
[0.001901909802560959, 5.642797327735218, 78.0, 41.0, 3.0, 0.8170695686467944, 0.6743879877004734, 23.868937110776013, 1.5089278692144659, 31.0, 3.7938232179178444, 20.400000000000002]
ntrees:  5958
auc: 0.771592283847122
-----------
[0.001901909802560959, 5.642797327735218, 80.80000000000001, 51.0, 3.0000000000000004, 0.8170695686467944, 0.31682810544463536, 23.868937110776013, 1.5089278692144659, 31.0, 3.7938232179178444, 20.400000000000002]
ntrees:  5933
auc: 0.7717931621031463
-----------
[0.001901909802560959, 5.642797327735218, 87.0, 41.0, 3.0, 0.8170695686467944, 0.6743879877004734, 23.868937110776013, 1.0347406234911856, 50.0, 2.7400436617955988, 19.0]
ntrees:  6382
auc: 0.7716442872772472
-----------
[0.001901909802560959, 5.642797327735218, 84.0, 51.0, 6.0, 0.8170695686467944, 0.6743879877004734, 23.868937110776013, 1.5089278692144659, 49.0, 4.876851597688747, 24.0]
ntrees:  5928
auc: 0.7715434344674194
-----------
[0.001901909802560959, 5.642797327735218, 87.0, 41.0, 3.0, 0.8170695686467944, 0.6743879877004734, 23.868937110776013, 1.5089278692144659, 31.0, 3.7938232179178444, 20.400000000000002]
ntrees:  5996
auc: 0.7715361100645264
-----------
[0.001901909802560959, 5.642797327735218, 87.0, 41.0, 3.0, 0.8170695686467944, 0.6743879877004734, 23.868937110776013, 0.9307592670751009, 27.2, 3.7938232179178444, 20.400000000000002]
ntrees:  6000
auc: 0.7715158279438691
-----------
[0.001901909802560959, 5.642797327735218, 73.0, 41.0, 3.0, 0.8170695686467944, 0.31682810544463536, 23.868937110776013, 1.5089278692144659, 31.0, 1.5514000508009091, 9.600000000000001]
ntrees:  7948
auc: 0.7720865350012194
-----------
[0.001901909802560959, 5.642797327735218, 60.2, 51.0, 6.0, 0.8170695686467944, 0.6743879877004734, 23.868937110776013, 0.998211655653547, 50.0, 3.7938232179178444, 20.400000000000002]
ntrees:  5862
auc: 0.7714973525420035
-----------
[0.001901909802560959, 5.642797327735218, 87.0, 41.0, 3.0, 0.8170695686467944, 0.31682810544463536, 23.868937110776013, 1.5089278692144659, 31.0, 2.7400436617955988, 19.0]
ntrees:  7675
auc: 0.7720528423933603
-----------
[0.001901909802560959, 5.642797327735218, 84.0, 51.0, 3.0, 0.8170695686467944, 0.31682810544463536, 23.868937110776013, 1.5089278692144659, 31.0, 3.7938232179178444, 20.400000000000002]
ntrees:  5987
auc: 0.7718766240020105
-----------
[0.001901909802560959, 5.642797327735218, 87.0, 41.0, 6.0, 0.8170695686467944, 0.6743879877004734, 23.868937110776013, 1.5089278692144659, 33.0, 2.3437432836378234, 42.0]
ntrees:  5880
auc: 0.7714627231132685
-----------
[0.001901909802560959, 5.642797327735218, 78.0, 41.0, 3.0, 0.8170695686467944, 0.31682810544463536, 23.868937110776013, 1.5089278692144659, 31.0, 3.7938232179178444, 20.400000000000002]
ntrees:  7984
auc: 0.7720481991745416
-----------
[0.001901909802560959, 5.642797327735218, 87.0, 51.0, 6.0, 0.8170695686467944, 0.32343417175077055, 17.60219074573535, 1.5089278692144659, 31.0, 3.7938232179178444, 20.400000000000002]
ntrees:  5947
auc: 0.7718885075091625
-----------
[0.001901909802560959, 5.642797327735218, 87.0, 574.0, 7.0, 0.5249173028579645, 0.427824456916742, 60.18167109650053, 1.4253313277376938, 33.0, 2.3437432836378234, 17.1]
ntrees:  7870
auc: 0.77148880406977
-----------
[0.005211914716464551, 11.350980379279845, 84.0, 51.0, 3.0, 0.8170695686467944, 0.31682810544463536, 23.868937110776013, 1.5089278692144659, 31.0, 3.7938232179178444, 20.400000000000002]
ntrees:  2892
auc: 0.7716313811565769
-----------
[0.001901909802560959, 5.642797327735218, 87.0, 41.0, 6.0, 0.8170695686467944, 0.6743879877004734, 23.868937110776013, 1.5089278692144659, 31.0, 3.7938232179178444, 20.400000000000002]
ntrees:  5940
auc: 0.7715255180725141
-----------
[0.001901909802560959, 5.642797327735218, 87.0, 41.0, 3.0, 0.8170695686467944, 0.31682810544463536, 23.868937110776013, 0.7368807237533634, 33.0, 2.3437432836378234, 42.0]
ntrees:  7500
auc: 0.7720027593912732
-----------
[0.001901909802560959, 5.642797327735218, 87.0, 41.0, 3.0, 0.5249173028579645, 0.427824456916742, 60.18167109650053, 1.4253313277376938, 31.0, 3.7938232179178444, 20.400000000000002]
ntrees:  8475
auc: 0.7716746305175908
-----------
[0.001901909802560959, 5.642797327735218, 84.0, 51.0, 6.0, 0.3737147845976953, 0.6743879877004734, 17.06194816329684, 1.5089278692144659, 31.0, 3.7938232179178444, 20.400000000000002]
ntrees:  5620
auc: 0.7716081266545071
-----------
[0.001901909802560959, 5.642797327735218, 87.0, 51.0, 6.0, 0.8170695686467944, 0.31682810544463536, 23.868937110776013, 1.5089278692144659, 31.0, 3.7938232179178444, 20.400000000000002]
ntrees:  5943
auc: 0.7718664552017213
-----------
[0.001901909802560959, 5.642797327735218, 87.0, 41.0, 3.0, 0.8170695686467944, 0.6743879877004734, 23.868937110776013, 1.5089278692144659, 31.0, 3.7938232179178444, 12.560000000000002]
ntrees:  7037
auc: 0.7716179349810857
-----------
[0.001901909802560959, 5.642797327735218, 68.1, 51.0, 6.0, 0.8170695686467944, 0.6743879877004734, 13.821847172629436, 1.5089278692144659, 31.0, 3.7938232179178444, 12.960000000000003]
ntrees:  5926
auc: 0.7714657602841246
-----------
[0.06586216278776799, 75.35461707743336, 278.0, 893.0, 19.0, 0.8218931695456531, 0.5069636860640954, 6.120771390733671, 2.632201004354018, 22.0, 3.3122600606330224, 2.0]
ntrees:  86
auc: 0.7638216594572477
-----------
[0.288748986837892, 75.94608977174087, 182.0, 1450.0, 18.0, 0.5609058487543138, 0.7332140097398285, 79.13442073618472, 0.43853150969748955, 52.0, 2.4452540357954615, 31.0]
ntrees:  29
auc: 0.7602262716542454
-----------
[0.4238849595094535, 95.49792918335736, 217.0, 1918.0, 15.0, 0.8174012740157626, 0.6994600938894886, 23.632673794803438, 1.366090579153219, 72.0, 3.6162429557660483, 22.0]
ntrees:  6
auc: 0.7520679333612807
-----------
[0.1964984918604756, 35.020912934152506, 174.0, 1565.0, 18.0, 0.5142589361678911, 0.5366449824238237, 8.79859546375199, 2.448778105542093, 25.0, 3.8618384250262774, 5.0]
ntrees:  13
auc: 0.7557215127909253
-----------
[0.4660232286077111, 43.71618864091824, 31.0, 894.0, 8.0, 0.948749304324475, 0.9254696057632938, 72.06998395926699, 0.36900570806654875, 61.0, 1.1810221275447588, 17.0]
ntrees:  9
auc: 0.7575060035218986
-----------
[0.4402234023486988, 77.90700087926463, 243.0, 1863.0, 12.0, 0.5146304202489383, 0.6622458230089594, 23.379471661490637, 0.17449168401772186, 6.0, 3.314156730952719, 44.0]
ntrees:  6
auc: 0.7477845293669434
-----------
[0.49663752827340124, 18.835523764463872, 54.0, 1180.0, 8.0, 0.9632410377871965, 0.4331577276440927, 25.152259729145687, 0.5417279822973176, 91.0, 2.62121653702716, 5.0]
ntrees:  9
auc: 0.7464315023296165
-----------
[0.1618111627404841, 97.35106516678663, 378.0, 225.0, 15.0, 0.5210806808739772, 0.9806645644283034, 66.24716627529186, 2.8713281780702267, 64.0, 1.3595758760439112, 2.0]
ntrees:  34
auc: 0.7621544357541824
-----------
[0.3079920265479015, 82.23692881010182, 113.0, 1361.0, 11.0, 0.6557758799007487, 0.97060758080764, 92.27827784285687, 4.9010648637115315, 43.0, 4.601427586145398, 28.0]
ntrees:  28
auc: 0.7619321276402454
-----------
[0.018230866746286118, 77.09897823292341, 159.0, 87.0, 5.0, 0.7851770986479081, 0.4629589602287037, 42.729813790371715, 4.246183697684517, 115.0, 1.692016681169568, 6.0]
ntrees:  765
auc: 0.7699825549197994
