-----------
[0.01, 1.0, 255.0, 13.0, 10.0, 0.33, 0.05, 0.0, 1.0, 80.0, 1.0, 5.0]
ntrees:  28
auc: 0.8205800287845557
-----------
[0.16863862941072996, 32.21668693015771, 82.0, 819.0, 11.0, 0.8518287665915806, 0.5682875581887277, 98.54245986389434, 0.46097019017134644, 42.0, 3.27342924880807, 7.0]
ntrees:  86
auc: 0.8541024479080228
-----------
[0.37588071777035403, 76.77324905676647, 379.0, 1439.0, 17.0, 0.8486269632988326, 0.912689421334933, 13.420135406073818, 1.1091056114890818, 88.0, 2.0159596319694146, 45.0]
ntrees:  18
auc: 0.8472900132935436
-----------
[0.40374536619061674, 71.18018514418549, 88.0, 456.0, 14.0, 0.4674246907809414, 0.8717446466182762, 0.15365336949876296, 3.2741231580616277, 101.0, 3.6737106854327197, 5.0]
ntrees:  10
auc: 0.8362102413512476
-----------
[0.17059762701005504, 1.3511234176997033, 478.0, 1023.0, 11.0, 0.4256748263742642, 0.5624171660972231, 52.39621546813525, 4.859218717221335, 50.0, 2.15055750896673, 6.0]
ntrees:  66
auc: 0.8469973400009969
-----------
[0.31299740774152984, 48.16754251603054, 48.0, 1109.0, 4.0, 0.8938080725276709, 0.9029301442642862, 87.36424953938709, 2.213410242073737, 98.0, 2.4285929904890753, 35.0]
ntrees:  35
auc: 0.8526629709604698
-----------
[0.11971058764735236, 76.96008218346346, 52.0, 1560.0, 16.0, 0.8546406669657421, 0.5256700628580318, 57.934697359722776, 4.995046459974124, 45.0, 2.5200655360657103, 30.0]
ntrees:  121
auc: 0.8545613619945375
-----------
[0.31443115493476814, 72.72035515209137, 503.0, 1732.0, 5.0, 0.8197726376729401, 0.44205050395108336, 67.52251816234299, 4.378554791886539, 91.0, 2.7586435594713787, 41.0]
ntrees:  42
auc: 0.8491575974060291
-----------
[0.17505582398123734, 88.90698258135198, 210.0, 743.0, 8.0, 0.4687882855778519, 0.4518873235864729, 86.37723917888962, 0.7826663002584994, 66.0, 3.063584759477489, 23.0]
ntrees:  93
auc: 0.8494771590928962
-----------
[0.12082416978934868, 79.73750519112492, 469.0, 18.0, 10.0, 0.8700497949040135, 0.9430827681945954, 34.33046512050818, 4.846426545926939, 57.0, 4.3644677746361165, 37.0]
ntrees:  175
auc: 0.8548455476918603
-----------
[0.03779982767624464, 28.56772876267941, 414.0, 1708.0, 19.0, 0.7030132450580604, 0.7862978350438524, 26.15283420930873, 2.839248368346823, 7.0, 4.306459661625288, 20.0]
ntrees:  200
auc: 0.8572287070907544
-----------
[0.28872314477867617, 18.54893418847707, 164.0, 1980.0, 18.0, 0.5925856918839468, 0.7849144026463895, 32.083551730034955, 3.0252970111780138, 6.0, 4.827133343101844, 30.0]
ntrees:  30
auc: 0.8496454737259862
-----------
[0.020672796877309697, 17.522907202801225, 105.0, 1011.0, 10.0, 0.652228235206838, 0.9349904612947271, 57.348160711546846, 4.617961604920162, 65.0, 2.592135853942635, 34.0]
ntrees:  468
auc: 0.8565060794542682
-----------
[0.3049469788947118, 55.13351471300784, 332.0, 480.0, 10.0, 0.8552849024619967, 0.403411262500331, 66.26096797360043, 3.06935019268322, 63.0, 3.057723854651984, 40.0]
ntrees:  42
auc: 0.8499384984921212
-----------
[0.07689843098318236, 41.78911415815328, 401.0, 1806.0, 11.0, 0.6229750511076317, 0.44581249951781843, 98.92989595365106, 3.250644023602496, 37.0, 2.773380377669078, 8.0]
ntrees:  219
auc: 0.8549195911534351
-----------
[0.30915959415465366, 30.856172512329735, 216.0, 82.0, 12.0, 0.4566873788562889, 0.4176719819603631, 8.180220981485354, 4.7085883049476775, 28.0, 3.7133757069206887, 37.0]
ntrees:  35
auc: 0.8440102088271976
-----------
[0.13276836136870646, 60.789278458198076, 253.0, 81.0, 16.0, 0.5628135100255321, 0.9770623037768713, 19.64472102635292, 1.8465746738309545, 8.0, 3.3230295920627677, 49.0]
ntrees:  49
auc: 0.8522615623150056
-----------
[0.28743295478425784, 74.71646028298086, 317.0, 840.0, 17.0, 0.791987258210556, 0.7493660365905723, 96.6197164006456, 1.690460717128478, 107.0, 4.772759605524928, 21.0]
ntrees:  41
auc: 0.8521419485586932
-----------
[0.32456852891040994, 34.64170071059036, 367.0, 1752.0, 11.0, 0.7735321597956419, 0.77204538344013, 17.311032373037772, 4.879411681972853, 30.0, 2.381572345965111, 14.0]
ntrees:  17
auc: 0.8465379359352418
-----------
[0.2556829619369334, 27.268681936212083, 204.0, 1243.0, 13.0, 0.9516537787555743, 0.4505230729233566, 29.72662327279472, 1.40534117113903, 98.0, 1.3450914458637366, 27.0]
ntrees:  80
auc: 0.8506863406818335
-----------
[0.19306725023487675, 27.25793222709073, 58.0, 22.0, 8.0, 0.5303802127693954, 0.831816798417891, 45.561723766639915, 3.605487642893178, 27.0, 1.9166197410617718, 35.0]
ntrees:  107
auc: 0.8528063397073433
-----------
[0.3603463810869745, 89.2121627671213, 432.0, 1865.0, 17.0, 0.827238108621489, 0.5645144362076053, 57.643860779320356, 1.6679957549682882, 30.0, 3.3487413342387864, 46.0]
ntrees:  42
auc: 0.84855382460056
-----------
[0.4342971556287321, 80.51171036086289, 246.0, 2030.0, 16.0, 0.4210470521456998, 0.826287067178958, 98.08699465011819, 2.413599454612468, 117.0, 4.948470362667817, 30.0]
ntrees:  30
auc: 0.8466337409278113
-----------
[0.38263078335234935, 91.11158623373713, 377.0, 233.0, 2.0, 0.8939174363126461, 0.781685208431321, 58.15563704064258, 2.028449236519891, 55.0, 1.8622406322620373, 12.0]
ntrees:  24
auc: 0.8486068957323294
-----------
[0.26998414421562383, 16.155492259137137, 142.0, 237.0, 8.0, 0.9759756574565802, 0.6874495077892463, 32.34607954701206, 1.9972127056616769, 81.0, 4.7772146840783645, 39.0]
ntrees:  32
auc: 0.8533466075188633
-----------
[0.1472136497430595, 58.83968763696473, 70.0, 351.0, 18.0, 0.7451379440002734, 0.7168747199122063, 16.821109532009938, 4.247055611071503, 77.0, 2.501218934372192, 6.0]
ntrees:  47
auc: 0.8518508415840719
-----------
[0.10404452948991065, 66.80077706544888, 336.0, 1121.0, 3.0, 0.8550402837657007, 0.5804673367796718, 83.48224012253978, 4.511146543710534, 85.0, 2.0496613662174736, 35.0]
ntrees:  166
auc: 0.8556086076073944
-----------
[0.11813112424582847, 7.185323847408499, 341.0, 351.0, 10.0, 0.6566646690556122, 0.6431445443199233, 3.733307267868169, 4.139843942479739, 72.0, 1.678089349212041, 4.0]
ntrees:  43
auc: 0.853279102101175
-----------
[0.22283977510600173, 26.49626911679478, 238.0, 796.0, 12.0, 0.7350097128613433, 0.8342424669795951, 98.66596629687699, 3.8110619101675915, 24.0, 1.109293871744177, 42.0]
ntrees:  61
auc: 0.8530798043186817
-----------
[0.21121757875628275, 37.42777163236971, 259.0, 1124.0, 5.0, 0.4192478336595962, 0.7460448948923606, 7.1672049850477375, 2.9789199288588133, 28.0, 1.5641284834888896, 21.0]
ntrees:  18
auc: 0.840153433044151
-----------
[0.3068417287230255, 91.02416392069992, 100.0, 150.0, 16.0, 0.8434841137717208, 0.5894032328736833, 53.94721328934031, 1.9599679150178584, 104.0, 2.263142764733819, 32.0]
ntrees:  32
auc: 0.8502865609977659
-----------
[0.23749649193078107, 76.4622545427639, 359.0, 1082.0, 10.0, 0.6441094406845934, 0.7845472717267647, 24.018505201251415, 3.0274303038557497, 85.0, 2.8700933997663447, 26.0]
ntrees:  26
auc: 0.8483855302953826
-----------
[0.247996510548362, 31.241986733653743, 501.0, 813.0, 13.0, 0.9671685405884378, 0.4674042934003582, 45.85721121006562, 3.790842956660858, 10.0, 2.873481796682454, 16.0]
ntrees:  73
auc: 0.8529311615652461
-----------
[0.15396235402175923, 1.4079560218088694, 483.0, 1564.0, 14.0, 0.5223159262433661, 0.9137579363610153, 2.276795225072137, 3.5151007206614433, 62.0, 1.606136749204969, 49.0]
ntrees:  39
auc: 0.8547866973608169
-----------
[0.23786800636958302, 1.1018320014526202, 390.0, 352.0, 3.0, 0.6160125881432033, 0.6110904931030094, 81.53022645597707, 3.2968161188802325, 95.0, 4.807730476862533, 23.0]
ntrees:  42
auc: 0.8461901552292315
-----------
[0.477359148809607, 80.82258296504749, 406.0, 786.0, 13.0, 0.9744673125418637, 0.7858015616136043, 14.835768617606504, 0.7983688508708875, 118.0, 2.6098141249848963, 4.0]
ntrees:  17
auc: 0.8433194540371478
-----------
[0.24936638195450245, 54.550241675742065, 343.0, 1621.0, 9.0, 0.9094815495553528, 0.8124635271139355, 60.760370103486125, 4.27077965294909, 97.0, 3.2418502211801585, 11.0]
ntrees:  34
auc: 0.8534727821361685
-----------
[0.06154115653699693, 75.73328365797444, 44.0, 1256.0, 2.0, 0.5590346170269556, 0.6650970302051116, 88.8414020413512, 2.4627175388027203, 26.0, 3.2150734387186515, 16.0]
ntrees:  209
auc: 0.853772903961764
-----------
[0.3386209648812568, 98.0251759946395, 394.0, 569.0, 17.0, 0.9583865440903223, 0.5383501293448767, 68.2708311006783, 2.835514801026408, 34.0, 3.477995881839353, 11.0]
ntrees:  35
auc: 0.850687650415453
-----------
[0.4945310923504105, 32.90887035534482, 495.0, 509.0, 2.0, 0.8309954473295986, 0.9553873394971834, 32.803928583581964, 3.01971195145968, 52.0, 4.185775784735954, 6.0]
ntrees:  10
auc: 0.8451026543127398
-----------
[0.27165675253354643, 20.525647204348104, 402.0, 843.0, 15.0, 0.6516002481421675, 0.5531464844122718, 59.775945231363835, 0.35184028985294935, 48.0, 2.2909712051969717, 19.0]
ntrees:  33
auc: 0.850004760902608
-----------
[0.1740077178234118, 41.921828283429974, 371.0, 453.0, 6.0, 0.890381570315373, 0.5084790879658878, 82.55692257970641, 2.437068553634785, 102.0, 4.2672763285196975, 34.0]
ntrees:  92
auc: 0.8547976311279772
-----------
[0.443592302080953, 10.386960325712467, 406.0, 201.0, 2.0, 0.6754591046206607, 0.8402909213871206, 11.015040486764892, 0.16703242399713103, 104.0, 2.5407311228130753, 34.0]
ntrees:  10
auc: 0.8459753744514295
-----------
[0.18289616029645084, 75.88904846483443, 207.0, 1130.0, 14.0, 0.4269142120003584, 0.9342199483976814, 15.611276438311839, 2.515517527275548, 113.0, 1.6129780876953368, 0.0]
ntrees:  44
auc: 0.8543618264291645
-----------
[0.42588739554689536, 18.07003235046175, 348.0, 1337.0, 8.0, 0.5123225755241622, 0.44680707522335306, 26.653676913330347, 1.8164841816512356, 40.0, 2.0446882912913527, 8.0]
ntrees:  8
auc: 0.8375572143495713
-----------
[0.2958159655298976, 15.66474758789181, 354.0, 1056.0, 18.0, 0.62884647813296, 0.5944796865376938, 98.00478866778113, 1.2353610920232745, 38.0, 2.126875483437553, 13.0]
ntrees:  39
auc: 0.8511885126286096
-----------
[0.3571975984990268, 33.70027088157745, 422.0, 2002.0, 2.0, 0.9172850127960621, 0.9417702875360936, 35.884673472671125, 3.56306359239397, 41.0, 1.4114325803460375, 11.0]
ntrees:  22
auc: 0.8502569230940045
-----------
[0.3674933549826666, 85.13229825863998, 382.0, 1964.0, 15.0, 0.9503558743198656, 0.6598049000919224, 68.01703654752814, 1.5087541431168494, 92.0, 4.1630171262571665, 39.0]
ntrees:  30
auc: 0.8508666505887144
-----------
[0.4773459091776103, 10.469232082025574, 278.0, 908.0, 18.0, 0.6792076134223256, 0.4212064610929198, 32.87110049927423, 0.7600757524398777, 50.0, 4.431813295635351, 1.0]
ntrees:  13
auc: 0.8426510173953293
-----------
[0.34502448994275975, 60.706403581825434, 370.0, 1100.0, 8.0, 0.6962223611271428, 0.5177216731924082, 62.94058090319148, 2.9675904519992247, 110.0, 1.647400653438921, 44.0]
ntrees:  42
auc: 0.849566101858904
-----------
[0.018534055158779598, 28.56772876267941, 414.0, 1708.0, 19.0, 0.7030132450580604, 0.7862978350438524, 57.348160711546846, 4.617961604920162, 65.0, 2.592135853942635, 34.0]
ntrees:  648
auc: 0.8573217749611702
-----------
[0.020672796877309697, 17.522907202801225, 105.0, 1011.0, 5.8, 0.32222333057320407, 0.9349904612947271, 26.15283420930873, 2.839248368346823, 7.0, 4.306459661625288, 20.0]
ntrees:  363
auc: 0.8526819664572146
-----------
[0.03779982767624464, 28.56772876267941, 414.0, 1708.0, 19.0, 0.7030132450580604, 0.7862978350438524, 83.48224012253978, 4.511146543710534, 85.0, 2.0496613662174736, 35.0]
ntrees:  398
auc: 0.856529486119258
-----------
[0.06274204065466574, 66.80077706544888, 336.0, 1121.0, 3.0, 0.8550402837657007, 0.5804673367796718, 26.15283420930873, 2.839248368346823, 7.0, 4.306459661625288, 20.0]
ntrees:  139
auc: 0.8561059406623832
-----------
[0.03779982767624464, 28.56772876267941, 414.0, 1708.0, 19.0, 0.7030132450580604, 0.7862978350438524, 15.968826686785452, 2.839248368346823, 37.0, 2.773380377669078, 8.0]
ntrees:  163
auc: 0.8573371669201786
-----------
[0.07689843098318236, 21.911396968740014, 401.0, 1806.0, 4.9, 0.6229750511076317, 0.44581249951781843, 98.92989595365106, 3.250644023602496, 7.0, 4.306459661625288, 20.0]
ntrees:  204
auc: 0.8549474203346158
-----------
[0.020672796877309697, 17.522907202801225, 105.0, 1121.0, 3.0, 0.8550402837657007, 0.5804673367796718, 83.48224012253978, 4.511146543710534, 85.0, 2.0496613662174736, 35.0]
ntrees:  701
auc: 0.8572362139236638
-----------
[0.10404452948991065, 66.80077706544888, 336.0, 1011.0, 10.0, 0.652228235206838, 0.9349904612947271, 57.348160711546846, 4.617961604920162, 65.0, 2.592135853942635, 34.0]
ntrees:  105
auc: 0.8544158953463363
-----------
[0.12082416978934868, 28.56772876267941, 414.0, 1708.0, 19.0, 0.7030132450580604, 0.7862978350438524, 16.235231402241556, 2.839248368346823, 7.0, 4.306459661625288, 20.0]
ntrees:  59
auc: 0.852851711836025
-----------
[0.03779982767624464, 79.73750519112492, 469.0, 18.0, 10.0, 0.8700497949040135, 0.9430827681945954, 34.33046512050818, 4.846426545926939, 57.0, 4.3644677746361165, 37.0]
ntrees:  559
auc: 0.8558678706646354
-----------
[0.03779982767624464, 28.56772876267941, 414.0, 1708.0, 19.0, 0.35105992034655503, 0.5084790879658878, 82.55692257970641, 2.437068553634785, 102.0, 4.2672763285196975, 34.0]
ntrees:  379
auc: 0.8530481742904537
-----------
[0.09372736847478463, 41.921828283429974, 371.0, 453.0, 6.0, 0.890381570315373, 0.7862978350438524, 26.15283420930873, 2.839248368346823, 5.6000000000000005, 4.306459661625288, 20.0]
ntrees:  77
auc: 0.8563010596154733
-----------
[0.03779982767624464, 28.56772876267941, 414.0, 1708.0, 19.0, 0.5223159262433661, 0.9137579363610153, 2.276795225072137, 3.5151007206614433, 62.0, 1.0172437977967768, 49.0]
ntrees:  139
auc: 0.8528613212538187
-----------
[0.15396235402175923, 1.4079560218088694, 483.0, 1564.0, 14.0, 0.7030132450580604, 0.7862978350438524, 26.15283420930873, 2.839248368346823, 7.0, 4.306459661625288, 20.0]
ntrees:  54
auc: 0.8542025541057345
-----------
[0.11971058764735236, 76.96008218346346, 52.0, 1560.0, 16.0, 0.7030132450580604, 0.7862978350438524, 26.15283420930873, 2.839248368346823, 7.0, 4.306459661625288, 20.0]
ntrees:  59
auc: 0.8511599629468642
-----------
[0.03779982767624464, 28.56772876267941, 414.0, 1708.0, 19.0, 0.8546406669657421, 0.5256700628580318, 57.934697359722776, 4.995046459974124, 45.0, 2.5200655360657103, 30.0]
ntrees:  399
auc: 0.8579796570308382
-----------
[0.03779982767624464, 28.56772876267941, 207.0, 1130.0, 14.0, 0.4269142120003584, 0.9342199483976814, 15.611276438311839, 2.515517527275548, 113.0, 1.6129780876953368, 0.0]
ntrees:  263
auc: 0.8585749335954643
-----------
[0.18289616029645084, 75.88904846483443, 414.0, 1708.0, 19.0, 0.7030132450580604, 0.7862978350438524, 26.15283420930873, 2.839248368346823, 8.3, 4.306459661625288, 20.0]
ntrees:  41
auc: 0.8503930432572722
-----------
[0.020672796877309697, 17.522907202801225, 401.0, 1806.0, 11.0, 0.3460307642499237, 0.44581249951781843, 98.92989595365106, 3.250644023602496, 37.0, 2.773380377669078, 8.0]
ntrees:  1000
auc: 0.8537461988214414
-----------
[0.07689843098318236, 41.78911415815328, 105.0, 1011.0, 10.0, 0.652228235206838, 0.9349904612947271, 57.348160711546846, 4.617961604920162, 65.0, 2.592135853942635, 34.0]
ntrees:  112
auc: 0.8549149308919756
-----------
[0.12082416978934868, 17.522907202801225, 105.0, 1011.0, 10.0, 0.652228235206838, 0.9349904612947271, 57.348160711546846, 4.617961604920162, 65.0, 2.592135853942635, 34.0]
ntrees:  93
auc: 0.8551013088081978
-----------
[0.020672796877309697, 79.73750519112492, 469.0, 18.0, 10.0, 0.41141478837725926, 0.9430827681945954, 34.33046512050818, 4.846426545926939, 57.0, 4.3644677746361165, 37.0]
ntrees:  573
auc: 0.8507446455572605
-----------
[0.16863862941072996, 32.21668693015771, 82.0, 819.0, 11.0, 0.8518287665915806, 0.5682875581887277, 98.54245986389434, 0.46097019017134644, 17.5, 4.306459661625288, 20.0]
ntrees:  80
auc: 0.85393010062779
-----------
[0.03779982767624464, 28.56772876267941, 414.0, 771.9000000000001, 8.100000000000001, 0.3499675463675113, 0.7862978350438524, 26.15283420930873, 2.839248368346823, 7.0, 3.27342924880807, 7.0]
ntrees:  192
auc: 0.8531556137900914
-----------
[0.020672796877309697, 17.522907202801225, 105.0, 1011.0, 10.0, 0.890381570315373, 0.5084790879658878, 82.55692257970641, 2.437068553634785, 102.0, 4.2672763285196975, 34.0]
ntrees:  811
auc: 0.8577910455681474
-----------
[0.1740077178234118, 41.921828283429974, 371.0, 453.0, 6.0, 0.652228235206838, 0.9349904612947271, 57.348160711546846, 4.617961604920162, 65.0, 2.592135853942635, 34.0]
ntrees:  87
auc: 0.8529178015204785
-----------
[0.05056121225807054, 17.522907202801225, 105.0, 1011.0, 14.0, 0.5223159262433661, 0.9137579363610153, 2.276795225072137, 3.5151007206614433, 62.0, 1.606136749204969, 49.0]
ntrees:  104
auc: 0.852898361761391
-----------
[0.15396235402175923, 1.4079560218088694, 483.0, 1564.0, 10.0, 0.652228235206838, 0.9349904612947271, 30.052802088889855, 4.617961604920162, 65.0, 2.592135853942635, 34.0]
ntrees:  48
auc: 0.8523517050730263
-----------
[0.11971058764735236, 76.96008218346346, 52.0, 1560.0, 16.0, 0.8546406669657421, 0.5256700628580318, 57.934697359722776, 4.995046459974124, 65.0, 2.592135853942635, 34.0]
ntrees:  131
auc: 0.8540109838220209
-----------
[0.020672796877309697, 17.522907202801225, 105.0, 1011.0, 10.0, 0.652228235206838, 0.9349904612947271, 27.29303325268826, 4.617961604920162, 45.0, 2.5200655360657103, 30.0]
ntrees:  384
auc: 0.8571593574189398
-----------
[0.03779982767624464, 28.56772876267941, 414.0, 1708.0, 19.0, 0.7030132450580604, 0.7862978350438524, 26.15283420930873, 2.4627175388027203, 26.0, 3.2150734387186515, 16.0]
ntrees:  205
auc: 0.8572349787040441
-----------
[0.06154115653699693, 75.73328365797444, 44.0, 1256.0, 2.0, 0.5590346170269556, 0.6650970302051116, 40.82018381829856, 2.839248368346823, 7.0, 4.306459661625288, 20.0]
ntrees:  139
auc: 0.8528786953406865
-----------
[0.020672796877309697, 17.522907202801225, 105.0, 1011.0, 10.0, 0.652228235206838, 0.9349904612947271, 15.611276438311839, 2.515517527275548, 113.0, 1.6129780876953368, 0.0]
ntrees:  451
auc: 0.8589023133944815
-----------
[0.18289616029645084, 75.88904846483443, 207.0, 474.2, 14.0, 0.4269142120003584, 0.9342199483976814, 57.348160711546846, 4.617961604920162, 65.0, 2.592135853942635, 34.0]
ntrees:  34
auc: 0.8495569450617062
-----------
[0.03779982767624464, 54.550241675742065, 343.0, 1621.0, 9.0, 0.44780767729030285, 0.8124635271139355, 60.760370103486125, 4.27077965294909, 97.0, 3.2418502211801585, 11.0]
ntrees:  306
auc: 0.8537145262405594
-----------
[0.24936638195450245, 28.56772876267941, 414.0, 1708.0, 19.0, 0.7030132450580604, 0.7862978350438524, 26.15283420930873, 2.839248368346823, 7.0, 4.306459661625288, 20.0]
ntrees:  18
auc: 0.849114639211505
-----------
[0.16863862941072996, 32.21668693015771, 82.0, 819.0, 11.0, 0.8518287665915806, 0.5682875581887277, 98.54245986389434, 4.617961604920162, 65.0, 2.592135853942635, 34.0]
ntrees:  88
auc: 0.8540799165975825
-----------
[0.020672796877309697, 17.522907202801225, 105.0, 1011.0, 10.0, 0.652228235206838, 0.9349904612947271, 57.348160711546846, 0.46097019017134644, 42.0, 3.27342924880807, 7.0]
ntrees:  411
auc: 0.8569883548370845
-----------
[0.03779982767624464, 28.56772876267941, 414.0, 1708.0, 7.7, 0.7030132450580604, 0.7862978350438524, 26.15283420930873, 1.9972127056616769, 81.0, 4.7772146840783645, 39.0]
ntrees:  193
auc: 0.856876198890667
-----------
[0.26998414421562383, 16.155492259137137, 142.0, 237.0, 8.0, 0.9759756574565802, 0.6874495077892463, 32.34607954701206, 2.839248368346823, 7.0, 4.306459661625288, 20.0]
ntrees:  40
auc: 0.8527790273367483
-----------
[0.07689843098318236, 41.78911415815328, 401.0, 1806.0, 11.0, 0.6229750511076317, 0.5804673367796718, 36.73044721382779, 4.511146543710534, 85.0, 2.0496613662174736, 35.0]
ntrees:  139
auc: 0.8553786947532622
-----------
[0.10404452948991065, 66.80077706544888, 336.0, 1121.0, 3.0, 0.8550402837657007, 0.44581249951781843, 98.92989595365106, 3.250644023602496, 37.0, 2.773380377669078, 8.0]
ntrees:  150
auc: 0.8550512634719327
-----------
[0.3570527912181896, 14.51836537187341, 314.0, 1976.0, 12.0, 0.9823850752712653, 0.41763072923777544, 74.6752544290416, 4.607049419940401, 103.0, 4.415488267862807, 10.0]
ntrees:  58
auc: 0.8532866829457151
-----------
[0.028604365373375955, 53.79153857567581, 343.0, 993.0, 13.0, 0.6503595435876501, 0.4345852201624583, 64.9652084955185, 1.108751332349438, 77.0, 3.3411721183825054, 16.0]
ntrees:  540
auc: 0.8562316374652739
-----------
[0.2925790324233061, 47.09522273815487, 488.0, 1862.0, 14.0, 0.6489948582948094, 0.888781664061239, 37.99349008247774, 3.5656523063684893, 99.0, 4.084773042716314, 5.0]
ntrees:  20
auc: 0.849840685882261
-----------
[0.03779982767624464, 16.785746558218072, 207.0, 1130.0, 6.700000000000001, 0.4269142120003584, 0.9342199483976814, 15.611276438311839, 2.515517527275548, 113.0, 1.6129780876953368, 0.0]
ntrees:  247
auc: 0.8586174236701805
-----------
[0.020672796877309697, 17.522907202801225, 105.0, 1011.0, 10.0, 0.652228235206838, 0.9349904612947271, 15.611276438311839, 1.145910358709188, 113.0, 1.6129780876953368, 0.0]
ntrees:  324
auc: 0.8588058297141927
-----------
[0.020672796877309697, 17.522907202801225, 105.0, 1011.0, 10.0, 0.652228235206838, 0.4431204754339516, 15.611276438311839, 2.515517527275548, 113.0, 1.6129780876953368, 0.0]
ntrees:  832
auc: 0.8583599557381255
-----------
[0.03779982767624464, 28.56772876267941, 414.0, 1708.0, 19.0, 0.8546406669657421, 0.5256700628580318, 57.934697359722776, 4.995046459974124, 45.0, 1.2552965587952356, 30.0]
ntrees:  421
auc: 0.8578555926556508
-----------
[0.020672796877309697, 17.522907202801225, 105.0, 1011.0, 10.0, 0.890381570315373, 0.5084790879658878, 82.55692257970641, 2.437068553634785, 113.0, 1.6129780876953368, 0.0]
ntrees:  763
auc: 0.8576710214384564
-----------
[0.040934710490014896, 17.522907202801225, 105.0, 1011.0, 10.0, 0.652228235206838, 0.9349904612947271, 15.611276438311839, 2.515517527275548, 102.0, 4.2672763285196975, 34.0]
ntrees:  136
auc: 0.8564641652365207
-----------
[0.03779982767624464, 28.56772876267941, 414.0, 1708.0, 14.0, 0.4269142120003584, 0.9342199483976814, 15.611276438311839, 2.515517527275548, 113.0, 1.6129780876953368, 0.0]
ntrees:  264
auc: 0.8592684517931483
-----------
[0.03779982767624464, 28.56772876267941, 207.0, 1130.0, 7.7, 0.8546406669657421, 0.5256700628580318, 57.934697359722776, 4.995046459974124, 45.0, 2.5200655360657103, 30.0]
ntrees:  377
auc: 0.8577260721397734
-----------
[0.03779982767624464, 28.56772876267941, 207.0, 1130.0, 14.0, 0.4269142120003584, 0.5084790879658878, 82.55692257970641, 2.437068553634785, 102.0, 4.2672763285196975, 34.0]
ntrees:  385
auc: 0.8541661390200967
-----------
[0.05491343712991149, 17.522907202801225, 73.5, 1011.0, 10.0, 0.890381570315373, 0.4140203367522179, 15.611276438311839, 2.515517527275548, 113.0, 0.7549193280547971, 0.0]
ntrees:  325
auc: 0.8567101140322613
-----------
[0.03779982767624464, 28.56772876267941, 414.0, 1011.0, 10.0, 0.652228235206838, 0.9349904612947271, 15.611276438311839, 2.515517527275548, 113.0, 1.6129780876953368, 0.0]
ntrees:  264
auc: 0.8589424208715517
-----------
[0.020672796877309697, 17.522907202801225, 105.0, 1708.0, 19.0, 0.7030132450580604, 0.7862978350438524, 15.968826686785452, 2.839248368346823, 37.0, 2.773380377669078, 8.0]
ntrees:  331
auc: 0.8579305683822127
-----------
[0.018534055158779598, 17.522907202801225, 105.0, 1011.0, 4.5, 0.652228235206838, 0.9349904612947271, 12.088628723143493, 2.515517527275548, 113.0, 1.6129780876953368, 0.0]
ntrees:  495
auc: 0.858932601744757
-----------
[0.020672796877309697, 28.56772876267941, 414.0, 725.0, 19.0, 0.7030132450580604, 0.7862978350438524, 57.348160711546846, 4.617961604920162, 65.0, 2.592135853942635, 34.0]
ntrees:  541
auc: 0.8573899949979694
-----------
[0.020672796877309697, 17.522907202801225, 105.0, 1121.0, 3.0, 0.8550402837657007, 0.5804673367796718, 83.48224012253978, 1.8544697761479352, 85.0, 2.0496613662174736, 35.0]
ntrees:  751
auc: 0.8578559818664973
-----------
[0.03779982767624464, 28.56772876267941, 414.0, 1708.0, 19.0, 0.7030132450580604, 0.7862978350438524, 15.611276438311839, 2.515517527275548, 113.0, 1.6129780876953368, 0.0]
ntrees:  303
auc: 0.8589837319291931
-----------
[0.020672796877309697, 17.522907202801225, 105.0, 575.4000000000001, 10.0, 0.652228235206838, 0.9349904612947271, 26.15283420930873, 2.4627175388027203, 26.0, 3.2150734387186515, 16.0]
ntrees:  292
auc: 0.8569254458299984
-----------
[0.03779982767624464, 28.56772876267941, 414.0, 1708.0, 19.0, 0.7030132450580604, 0.7862978350438524, 26.15283420930873, 2.839248368346823, 7.0, 1.0934524206380007, 0.0]
ntrees:  300
auc: 0.8587878972932581
-----------
[0.020672796877309697, 17.522907202801225, 105.0, 1011.0, 10.0, 0.652228235206838, 0.9349904612947271, 15.611276438311839, 2.515517527275548, 113.0, 4.306459661625288, 20.0]
ntrees:  304
auc: 0.8576270831812256
-----------
[0.020672796877309697, 17.522907202801225, 105.0, 1011.0, 10.0, 0.652228235206838, 0.9349904612947271, 27.29303325268826, 4.617961604920162, 45.0, 2.5200655360657103, 30.0]
ntrees:  384
auc: 0.8571593574189398
-----------
[0.03779982767624464, 28.56772876267941, 414.0, 1708.0, 19.0, 0.4269142120003584, 0.9342199483976814, 15.611276438311839, 2.515517527275548, 113.0, 1.6129780876953368, 0.0]
ntrees:  264
auc: 0.8591330295682187
-----------
[0.03779982767624464, 28.56772876267941, 120.60000000000002, 1130.0, 14.0, 0.7030132450580604, 0.7862978350438524, 15.968826686785452, 2.839248368346823, 37.0, 2.773380377669078, 8.0]
ntrees:  184
auc: 0.8566814608022746
-----------
[0.018534055158779598, 28.56772876267941, 414.0, 1708.0, 19.0, 0.7030132450580604, 0.7862978350438524, 57.348160711546846, 4.617961604920162, 33.7, 1.6129780876953368, 0.0]
ntrees:  575
auc: 0.8585726425809105
-----------
[0.03779982767624464, 28.56772876267941, 207.0, 1130.0, 14.0, 0.4269142120003584, 0.9342199483976814, 15.611276438311839, 2.515517527275548, 113.0, 2.592135853942635, 34.0]
ntrees:  138
auc: 0.853672991488484
-----------
[0.020672796877309697, 17.522907202801225, 105.0, 1011.0, 10.0, 0.652228235206838, 0.9349904612947271, 15.611276438311839, 2.515517527275548, 42.0, 3.27342924880807, 7.0]
ntrees:  298
auc: 0.8573474836628916
-----------
[0.020672796877309697, 17.522907202801225, 105.0, 1011.0, 10.0, 0.652228235206838, 0.9349904612947271, 57.348160711546846, 0.46097019017134644, 113.0, 1.6129780876953368, 0.0]
ntrees:  428
auc: 0.8586921831930632
-----------
[0.020672796877309697, 17.522907202801225, 105.0, 470.90000000000003, 3.0, 0.2199614812730698, 0.9342199483976814, 15.611276438311839, 2.515517527275548, 113.0, 1.6129780876953368, 0.0]
ntrees:  453
auc: 0.8587175218229024
-----------
[0.03779982767624464, 28.56772876267941, 207.0, 1130.0, 14.0, 0.8550402837657007, 0.5804673367796718, 83.48224012253978, 4.511146543710534, 85.0, 1.274698738662328, 35.0]
ntrees:  404
auc: 0.8569897607591519
-----------
[0.03779982767624464, 28.56772876267941, 207.0, 1130.0, 14.0, 0.4269142120003584, 0.9342199483976814, 26.15283420930873, 2.4627175388027203, 26.0, 3.2150734387186515, 16.0]
ntrees:  144
auc: 0.8536028928463131
-----------
[0.03779982767624464, 28.56772876267941, 414.0, 1708.0, 19.0, 0.7030132450580604, 0.7862978350438524, 26.15283420930873, 2.839248368346823, 7.0, 1.6129780876953368, 0.0]
ntrees:  301
auc: 0.8590230993892952
-----------
[0.03779982767624464, 28.56772876267941, 207.0, 1130.0, 14.0, 0.4269142120003584, 0.9342199483976814, 15.611276438311839, 2.515517527275548, 113.0, 2.057654220194455, 20.0]
ntrees:  149
auc: 0.8542709659796305
-----------
[0.020672796877309697, 17.522907202801225, 105.0, 1011.0, 10.0, 0.7030132450580604, 0.7862978350438524, 26.15283420930873, 1.9972127056616769, 81.0, 4.7772146840783645, 39.0]
ntrees:  361
auc: 0.8577785052275644
-----------
[0.03779982767624464, 28.56772876267941, 414.0, 1708.0, 7.7, 0.652228235206838, 0.9349904612947271, 15.611276438311839, 2.515517527275548, 113.0, 1.6129780876953368, 0.0]
ntrees:  265
auc: 0.8590887096564549
-----------
[0.03779982767624464, 14.297565191132543, 414.0, 1708.0, 19.0, 0.8546406669657421, 0.5084790879658878, 82.55692257970641, 2.437068553634785, 102.0, 2.051744169432262, 34.0]
ntrees:  454
auc: 0.8575684250491851
-----------
[0.02957649039128419, 17.522907202801225, 105.0, 1011.0, 10.0, 0.890381570315373, 0.5256700628580318, 57.934697359722776, 4.995046459974124, 45.0, 2.5200655360657103, 30.0]
ntrees:  492
auc: 0.8578261440304548
-----------
[0.03779982767624464, 28.56772876267941, 207.0, 1130.0, 14.0, 0.4269142120003584, 0.9342199483976814, 15.611276438311839, 2.515517527275548, 45.0, 2.5200655360657103, 14.3]
ntrees:  132
auc: 0.852873808445473
-----------
[0.020672796877309697, 17.522907202801225, 105.0, 1011.0, 10.0, 0.652228235206838, 0.9349904612947271, 27.29303325268826, 4.617961604920162, 113.0, 1.6129780876953368, 0.0]
ntrees:  417
auc: 0.8586341497655102
-----------
[0.03779982767624464, 28.56772876267941, 105.0, 1011.0, 10.0, 0.652228235206838, 0.9349904612947271, 32.77657534210233, 0.46097019017134644, 42.0, 3.27342924880807, 7.0]
ntrees:  175
auc: 0.8562637363760212
-----------
[0.020672796877309697, 17.522907202801225, 207.0, 1130.0, 14.0, 0.4269142120003584, 0.9342199483976814, 15.611276438311839, 2.515517527275548, 113.0, 1.6129780876953368, 0.0]
ntrees:  455
auc: 0.8590081156012687
-----------
[0.3370665353656313, 79.43624993018979, 357.0, 131.0, 16.0, 0.9306368278728555, 0.44830624237412076, 88.41900449620246, 0.9137297081982765, 35.0, 1.423843715276123, 14.0]
ntrees:  42
auc: 0.8495236550596541
-----------
[0.23005840538198669, 65.13625051477635, 343.0, 1140.0, 9.0, 0.574643420059353, 0.6975230112557183, 77.61945049360548, 0.2501860802420752, 17.0, 3.978378456916193, 28.0]
ntrees:  55
auc: 0.8486610922873774
-----------
[0.13883084969001644, 43.38691404011654, 152.0, 468.0, 17.0, 0.5752966044317273, 0.9079782709279727, 54.57295892147857, 3.9600514204468817, 30.0, 1.4439427269816827, 24.0]
ntrees:  71
auc: 0.8526824925237632
-----------
[0.3592071179938848, 87.84633002470322, 314.0, 1373.0, 2.0, 0.9871038158308046, 0.42279576348905346, 47.77816933604263, 4.079234007494044, 57.0, 3.7923233911665704, 43.0]
ntrees:  66
auc: 0.8487589745569913
-----------
[0.07111845831213455, 1.8535396463589837, 175.0, 1085.0, 17.0, 0.7351843525824122, 0.989267745394451, 83.5844456930455, 2.6485214595379682, 118.0, 1.7725609968111202, 34.0]
ntrees:  125
auc: 0.852407162783161
-----------
[0.431659462492334, 13.585966874309648, 507.0, 356.0, 7.0, 0.9439809404678818, 0.6264939615894005, 33.50442522411462, 4.499611882940828, 107.0, 4.509999336597356, 40.0]
ntrees:  36
auc: 0.8516202616858012
-----------
[0.03779982767624464, 28.56772876267941, 414.0, 1708.0, 14.0, 0.4269142120003584, 0.9342199483976814, 15.611276438311839, 2.515517527275548, 113.0, 0.9294093853468841, 0.0]
ntrees:  261
auc: 0.8590482741207477
-----------
[0.03779982767624464, 28.56772876267941, 414.0, 1708.0, 14.0, 0.4269142120003584, 0.9342199483976814, 6.965033051841393, 2.515517527275548, 113.0, 1.6129780876953368, 0.0]
ntrees:  265
auc: 0.858885301732322
-----------
[0.020672796877309697, 17.522907202801225, 207.0, 1130.0, 14.0, 0.4269142120003584, 0.4471316455111863, 15.611276438311839, 2.515517527275548, 113.0, 1.6129780876953368, 0.0]
ntrees:  827
auc: 0.8587073861901876
-----------
[0.03779982767624464, 28.56772876267941, 414.0, 1708.0, 14.0, 0.7030132450580604, 0.7862978350438524, 15.611276438311839, 2.515517527275548, 113.0, 1.6129780876953368, 0.0]
ntrees:  301
auc: 0.8588459358179182
-----------
[0.03779982767624464, 28.56772876267941, 414.0, 1011.0, 10.0, 0.652228235206838, 0.9349904612947271, 15.611276438311839, 2.515517527275548, 113.0, 1.6129780876953368, 0.0]
ntrees:  264
auc: 0.8589424208715517
-----------
[0.03779982767624464, 28.56772876267941, 414.0, 1708.0, 14.0, 0.652228235206838, 0.9349904612947271, 12.088628723143493, 2.515517527275548, 49.2, 1.6129780876953368, 0.0]
ntrees:  258
auc: 0.8586643229963205
-----------
[0.018534055158779598, 17.522907202801225, 105.0, 1011.0, 4.5, 0.4269142120003584, 0.9342199483976814, 7.500123908172066, 2.515517527275548, 113.0, 1.6129780876953368, 0.0]
ntrees:  496
auc: 0.8586507913050199
-----------
[0.020672796877309697, 17.522907202801225, 105.0, 1011.0, 10.0, 0.652228235206838, 0.9349904612947271, 15.611276438311839, 2.515517527275548, 113.0, 1.6129780876953368, 0.0]
ntrees:  451
auc: 0.8589023133944815
-----------
[0.03779982767624464, 28.56772876267941, 414.0, 1708.0, 14.0, 0.4269142120003584, 0.9342199483976814, 15.611276438311839, 1.0991808647541386, 113.0, 1.6129780876953368, 0.0]
ntrees:  206
auc: 0.858700404475212
-----------
[0.03779982767624464, 28.56772876267941, 414.0, 1708.0, 19.0, 0.4269142120003584, 0.7862978350438524, 26.15283420930873, 2.839248368346823, 7.0, 1.6129780876953368, 0.0]
ntrees:  301
auc: 0.8590230993892952
-----------
[0.03779982767624464, 28.56772876267941, 414.0, 1708.0, 19.0, 0.7030132450580604, 0.9342199483976814, 15.611276438311839, 2.515517527275548, 113.0, 1.6129780876953368, 0.0]
ntrees:  264
auc: 0.8591330295682187
-----------
[0.03779982767624464, 28.56772876267941, 414.0, 1708.0, 19.0, 0.7030132450580604, 0.7862978350438524, 15.611276438311839, 2.515517527275548, 113.0, 1.6129780876953368, 0.0]
ntrees:  303
auc: 0.8589837319291931
-----------
[0.04854343414132844, 28.56772876267941, 414.0, 1708.0, 19.0, 0.4269142120003584, 0.9342199483976814, 15.611276438311839, 2.515517527275548, 113.0, 1.6129780876953368, 0.0]
ntrees:  204
auc: 0.8588107165556927
-----------
[0.03779982767624464, 28.56772876267941, 414.0, 1708.0, 19.0, 0.7030132450580604, 0.7862978350438524, 26.15283420930873, 2.515517527275548, 113.0, 1.6129780876953368, 0.0]
ntrees:  301
auc: 0.8590623537567931
-----------
[0.03779982767624464, 28.56772876267941, 414.0, 1708.0, 7.7, 0.652228235206838, 0.9349904612947271, 15.611276438311839, 2.839248368346823, 7.0, 1.6129780876953368, 0.0]
ntrees:  255
auc: 0.8588990381266157
-----------
[0.03779982767624464, 28.56772876267941, 414.0, 1708.0, 7.7, 0.4269142120003584, 0.9342199483976814, 15.611276438311839, 2.515517527275548, 50.5, 1.6129780876953368, 0.0]
ntrees:  254
auc: 0.8590952821740885
-----------
[0.020672796877309697, 17.522907202801225, 132.20000000000002, 1130.0, 14.0, 0.652228235206838, 0.9349904612947271, 15.611276438311839, 2.515517527275548, 113.0, 1.6129780876953368, 0.0]
ntrees:  450
auc: 0.8585361273313807
-----------
[0.03779982767624464, 28.56772876267941, 414.0, 1011.0, 10.0, 0.652228235206838, 0.9342199483976814, 15.611276438311839, 2.515517527275548, 113.0, 1.6129780876953368, 0.0]
ntrees:  264
auc: 0.8589424208715517
-----------
[0.03779982767624464, 28.56772876267941, 414.0, 1708.0, 19.0, 0.4269142120003584, 0.9349904612947271, 15.611276438311839, 2.515517527275548, 113.0, 1.6129780876953368, 0.0]
ntrees:  264
auc: 0.8591330295682187
-----------
[0.020672796877309697, 17.522907202801225, 105.0, 1011.0, 14.0, 0.4269142120003584, 0.9342199483976814, 15.611276438311839, 2.515517527275548, 113.0, 1.6129780876953368, 0.0]
ntrees:  450
auc: 0.8589610928893634
-----------
[0.03779982767624464, 28.56772876267941, 414.0, 1708.0, 10.0, 0.652228235206838, 0.9349904612947271, 15.611276438311839, 1.145910358709188, 113.0, 1.6129780876953368, 0.0]
ntrees:  207
auc: 0.8588426099108017
-----------
[0.018534055158779598, 28.56772876267941, 414.0, 1708.0, 19.0, 0.4269142120003584, 0.9342199483976814, 15.611276438311839, 2.515517527275548, 113.0, 0.8253753382607613, 0.0]
ntrees:  545
auc: 0.8594580066487707
-----------
[0.03779982767624464, 17.522907202801225, 105.0, 1011.0, 4.5, 0.652228235206838, 0.9349904612947271, 12.088628723143493, 2.515517527275548, 113.0, 0.9763033127625511, 0.0]
ntrees:  238
auc: 0.8584875132036387
-----------
[0.03779982767624464, 28.56772876267941, 414.0, 1708.0, 14.0, 0.4269142120003584, 0.9342199483976814, 15.611276438311839, 2.839248368346823, 7.0, 1.0934524206380007, 0.0]
ntrees:  257
auc: 0.8589814987531199
-----------
[0.03779982767624464, 28.56772876267941, 414.0, 1708.0, 19.0, 0.37188946730934114, 0.7862978350438524, 16.61348164511176, 2.515517527275548, 113.0, 1.6129780876953368, 0.0]
ntrees:  302
auc: 0.8590931272886323
-----------
[0.020672796877309697, 17.522907202801225, 105.0, 1011.0, 10.0, 0.4269142120003584, 0.9342199483976814, 15.611276438311839, 2.515517527275548, 113.0, 1.6129780876953368, 0.0]
ntrees:  451
auc: 0.8589023133944815
-----------
[0.03779982767624464, 28.56772876267941, 414.0, 1708.0, 19.0, 0.652228235206838, 0.9349904612947271, 15.611276438311839, 2.515517527275548, 113.0, 1.6129780876953368, 0.0]
ntrees:  264
auc: 0.8591330295682187
-----------
[0.020672796877309697, 17.522907202801225, 207.0, 1130.0, 14.0, 0.3371649216753372, 0.7862978350438524, 26.15283420930873, 2.839248368346823, 7.0, 0.8952431417273021, 0.0]
ntrees:  523
auc: 0.8592315653317625
-----------
[0.4794282849182984, 18.972958246504806, 155.0, 1570.0, 9.0, 0.6175605159258819, 0.43841838697326235, 8.860518400905192, 1.0538079149796242, 119.0, 4.144083320302357, 0.0]
ntrees:  8
auc: 0.8389929587399412
-----------
[0.07588734397319735, 6.264278115922693, 387.0, 467.0, 16.0, 0.5052719582118912, 0.49410365016852514, 19.555014419033213, 0.6821936946052015, 70.0, 1.5425713085110049, 25.0]
ntrees:  117
auc: 0.8547897504547425
-----------
[0.05812608107916911, 65.98145006068053, 196.0, 729.0, 13.0, 0.9944567114417538, 0.8175241374323633, 7.574622294891819, 3.397894844462819, 30.0, 2.473005362377061, 19.0]
ntrees:  197
auc: 0.8563462879119061
-----------
[0.1419577787225136, 6.918410800878876, 452.0, 934.0, 15.0, 0.6203488646241233, 0.7744456857106659, 63.634088101525506, 0.1952599419875789, 60.0, 3.050661010286814, 22.0]
ntrees:  70
auc: 0.8547819449579735
-----------
[0.49266261045028964, 53.09219549851686, 383.0, 1402.0, 14.0, 0.9432617318677292, 0.8868984874671442, 77.55867378541559, 0.3476729190577804, 84.0, 2.816977728709758, 5.0]
ntrees:  14
auc: 0.8486967223206687
-----------
[0.14683755441149224, 1.9773903860397053, 446.0, 1104.0, 12.0, 0.6535376101427657, 0.556122887571735, 54.881087152036955, 1.6433837203105517, 88.0, 4.301091377710447, 44.0]
ntrees:  84
auc: 0.8536709922127909
-----------
[0.33141657980581535, 54.35088350232995, 478.0, 1241.0, 13.0, 0.9264882965667397, 0.5342369912536352, 68.89392787623639, 0.3300858062953549, 101.0, 2.4854923597321625, 32.0]
ntrees:  33
auc: 0.8513664007917081
-----------
[0.2832469251847942, 95.63048935459535, 130.0, 1793.0, 13.0, 0.8345951120084365, 0.6164482057161849, 3.3439364564092022, 2.7724703473696644, 81.0, 1.8029744572924002, 40.0]
ntrees:  33
auc: 0.8427475336855705
-----------
[0.3025627927941761, 73.04475550952155, 315.0, 882.0, 17.0, 0.759810761432431, 0.6224069214864276, 1.2761286697240082, 0.5477817414112363, 31.0, 4.728202765456637, 49.0]
ntrees:  18
auc: 0.8389027837523806
-----------
[0.34611168409062026, 20.898305955981755, 269.0, 905.0, 4.0, 0.9514828680816546, 0.57991310014734, 84.21569051734102, 3.4009777376793653, 97.0, 1.694056355116056, 49.0]
ntrees:  41
auc: 0.8530810887134456
-----------
[0.09360087378890583, 70.4100410789549, 263.0, 1663.0, 5.0, 0.6720671621402428, 0.9558100580201934, 83.17127591570782, 2.2191691613507, 114.0, 2.394520592920639, 32.0]
ntrees:  96
auc: 0.855003316089625
-----------
[0.29395154893445796, 23.45256504472322, 60.0, 910.0, 3.0, 0.6113258574699141, 0.4690000283264682, 51.444942010953355, 4.907844368166769, 6.0, 3.6958066134204994, 17.0]
ntrees:  63
auc: 0.8500116250867216
-----------
[0.2105873575164296, 64.12938194859098, 487.0, 359.0, 13.0, 0.9799727701239601, 0.8731743028597873, 85.22111503370115, 4.832141110049264, 83.0, 4.442042511038873, 4.0]
ntrees:  49
auc: 0.8554089410847224
-----------
[0.07663492485709557, 54.32388385384757, 305.0, 1077.0, 9.0, 0.8747239020213095, 0.8319583916459645, 27.199961103961236, 0.8387008517528471, 76.0, 2.5953070225191928, 18.0]
ntrees:  102
auc: 0.8566077099132535
-----------
[0.39787696228391145, 80.30813267041701, 259.0, 1407.0, 16.0, 0.872354808473262, 0.9341091956408516, 45.806037665456934, 2.138504267595232, 86.0, 4.733986917656161, 32.0]
ntrees:  21
auc: 0.8490016226328979
-----------
[0.1528873023476908, 69.86438225463156, 41.0, 946.0, 15.0, 0.9489341032007438, 0.8401231786212022, 7.3137083866496315, 4.296681152952392, 108.0, 4.512378654140576, 41.0]
ntrees:  44
auc: 0.851909275412343
-----------
[0.30551912510424534, 9.810001185391078, 182.0, 850.0, 13.0, 0.48489953907774075, 0.6054396421048509, 93.24866361084072, 2.386838403308099, 88.0, 1.648595696893925, 24.0]
ntrees:  41
auc: 0.8492890984642398
-----------
[0.03779982767624464, 28.56772876267941, 414.0, 1708.0, 19.0, 0.4269142120003584, 0.9342199483976814, 15.611276438311839, 2.515517527275548, 113.0, 0.8253753382607613, 0.0]
ntrees:  263
auc: 0.8589357220011076
-----------
[0.018534055158779598, 28.56772876267941, 414.0, 1708.0, 14.0, 0.4269142120003584, 0.9342199483976814, 15.611276438311839, 2.515517527275548, 113.0, 1.6129780876953368, 0.0]
ntrees:  548
auc: 0.859389541463929
-----------
[0.053412053938268256, 17.522907202801225, 207.0, 1130.0, 14.0, 0.3371649216753372, 0.7862978350438524, 26.15283420930873, 1.5528106074357169, 7.0, 0.8952431417273021, 0.0]
ntrees:  207
auc: 0.8579261031869587
-----------
[0.020672796877309697, 28.56772876267941, 414.0, 1708.0, 19.0, 0.4269142120003584, 0.9342199483976814, 15.611276438311839, 2.515517527275548, 113.0, 0.8253753382607613, 0.0]
ntrees:  491
auc: 0.85926689453302
-----------
[0.018534055158779598, 28.56772876267941, 414.0, 1708.0, 19.0, 0.4269142120003584, 0.9342199483976814, 15.611276438311839, 2.515517527275548, 113.0, 1.6129780876953368, 0.0]
ntrees:  549
auc: 0.8594202148325951
-----------
[0.03779982767624464, 28.56772876267941, 414.0, 1708.0, 19.0, 0.4269142120003584, 0.41592221692704945, 15.611276438311839, 2.515517527275548, 113.0, 0.8253753382607613, 0.0]
ntrees:  530
auc: 0.8576205600167025
-----------
[0.018534055158779598, 19.31171153528669, 414.0, 1708.0, 19.0, 0.4269142120003584, 0.9342199483976814, 15.611276438311839, 2.515517527275548, 113.0, 1.6129780876953368, 0.0]
ntrees:  528
auc: 0.8596936285988892
-----------
[0.03779982767624464, 28.56772876267941, 414.0, 1708.0, 8.5, 0.7030132450580604, 0.9342199483976814, 15.611276438311839, 2.515517527275548, 113.0, 1.6129780876953368, 0.0]
ntrees:  264
auc: 0.8589738030152011
-----------
[0.018534055158779598, 28.56772876267941, 414.0, 1708.0, 19.0, 0.652228235206838, 0.9349904612947271, 15.611276438311839, 2.515517527275548, 113.0, 0.756060871480569, 0.0]
ntrees:  545
auc: 0.859526423085619
-----------
[0.018534055158779598, 28.56772876267941, 414.0, 1708.0, 7.7, 0.4269142120003584, 0.9342199483976814, 15.611276438311839, 2.515517527275548, 50.5, 1.6129780876953368, 0.0]
ntrees:  532
auc: 0.8593166039805225
-----------
[0.018534055158779598, 28.56772876267941, 414.0, 1708.0, 19.0, 0.37188946730934114, 0.7862978350438524, 16.61348164511176, 2.515517527275548, 113.0, 1.6129780876953368, 0.0]
ntrees:  636
auc: 0.8594177437339864
-----------
[0.03779982767624464, 28.56772876267941, 414.0, 1708.0, 7.7, 0.652228235206838, 0.9349904612947271, 15.611276438311839, 2.515517527275548, 113.0, 0.8253753382607613, 0.0]
ntrees:  264
auc: 0.8592424301528634
-----------
[0.018534055158779598, 28.56772876267941, 414.0, 1708.0, 19.0, 0.7030132450580604, 0.7862978350438524, 26.15283420930873, 2.515517527275548, 56.7, 1.6129780876953368, 3.2]
ntrees:  385
auc: 0.858312782594766
-----------
[0.03779982767624464, 28.56772876267941, 414.0, 1708.0, 14.0, 0.4269142120003584, 0.9342199483976814, 15.611276438311839, 2.515517527275548, 113.0, 0.8253753382607613, 0.0]
ntrees:  262
auc: 0.8591356165995603
-----------
[0.018534055158779598, 28.56772876267941, 414.0, 1708.0, 19.0, 0.4269142120003584, 0.9342199483976814, 15.611276438311839, 2.515517527275548, 113.0, 0.9294093853468841, 0.0]
ntrees:  545
auc: 0.8594397553791492
-----------
[0.03779982767624464, 28.56772876267941, 207.0, 1130.0, 14.0, 0.3371649216753372, 0.7862978350438524, 26.15283420930873, 2.839248368346823, 7.0, 0.8952431417273021, 0.0]
ntrees:  289
auc: 0.8585596227377446
-----------
[0.020672796877309697, 16.395624882116714, 414.0, 1708.0, 14.0, 0.4269142120003584, 0.9342199483976814, 15.611276438311839, 2.515517527275548, 113.0, 1.6129780876953368, 0.0]
ntrees:  453
auc: 0.8594725667196844
-----------
[0.018534055158779598, 28.56772876267941, 414.0, 1708.0, 19.0, 0.7030132450580604, 0.7862978350438524, 26.15283420930873, 2.839248368346823, 7.0, 1.6129780876953368, 0.0]
ntrees:  616
auc: 0.8596678948359804
-----------
[0.018534055158779598, 28.56772876267941, 414.0, 1708.0, 19.0, 0.4269142120003584, 0.7862978350438524, 26.15283420930873, 2.839248368346823, 7.0, 1.6129780876953368, 0.0]
ntrees:  616
auc: 0.8596678948359804
-----------
[0.020672796877309697, 17.522907202801225, 204.60000000000002, 1708.0, 19.0, 0.4269142120003584, 0.9342199483976814, 15.611276438311839, 2.515517527275548, 113.0, 0.8253753382607613, 0.0]
ntrees:  448
auc: 0.858967482728491
-----------
[0.018534055158779598, 28.56772876267941, 207.0, 1130.0, 7.500000000000001, 0.4269142120003584, 0.9342199483976814, 15.611276438311839, 2.515517527275548, 113.0, 1.6129780876953368, 0.0]
ntrees:  546
auc: 0.8590663663939792
-----------
[0.03779982767624464, 28.56772876267941, 414.0, 1708.0, 19.0, 0.7030132450580604, 0.7862978350438524, 15.611276438311839, 2.515517527275548, 113.0, 0.8253753382607613, 0.0]
ntrees:  302
auc: 0.8589070826074773
-----------
[0.018534055158779598, 28.56772876267941, 414.0, 1708.0, 14.0, 0.2495102228826178, 0.9342199483976814, 15.611276438311839, 2.839248368346823, 7.0, 1.0934524206380007, 0.0]
ntrees:  528
auc: 0.8592807906381484
-----------
[0.03779982767624464, 28.56772876267941, 414.0, 821.0, 19.0, 0.4269142120003584, 0.9342199483976814, 15.611276438311839, 2.515517527275548, 113.0, 0.8253753382607613, 0.0]
ntrees:  263
auc: 0.8589357220011076
-----------
[0.020672796877309697, 17.522907202801225, 105.0, 1011.0, 19.0, 0.4269142120003584, 0.9342199483976814, 15.611276438311839, 2.515517527275548, 113.0, 0.8253753382607613, 0.0]
ntrees:  446
auc: 0.8589843114116139
-----------
[0.03779982767624464, 28.56772876267941, 414.0, 1708.0, 14.0, 0.4269142120003584, 0.9342199483976814, 8.604958107249782, 2.515517527275548, 113.0, 1.6129780876953368, 0.0]
ntrees:  264
auc: 0.8588347577004749
-----------
[0.03779982767624464, 28.56772876267941, 414.0, 1708.0, 19.0, 0.652228235206838, 0.9349904612947271, 15.611276438311839, 2.515517527275548, 113.0, 1.6129780876953368, 0.0]
ntrees:  264
auc: 0.8591330295682187
-----------
[0.03779982767624464, 28.56772876267941, 414.0, 1708.0, 19.0, 0.2175034150346644, 0.9349904612947271, 15.611276438311839, 2.515517527275548, 113.0, 1.6129780876953368, 0.0]
ntrees:  264
auc: 0.8591330295682187
-----------
[0.20850186829921816, 30.049563012172282, 117.0, 859.0, 1.0, 0.4246327731066536, 0.8646335699727505, 56.97373347553057, 0.42816881902330794, 97.0, 3.4388226364161274, 35.0]
ntrees:  34
auc: 0.8507725719732214
-----------
[0.1626284517585927, 80.75296000502404, 373.0, 404.0, 4.0, 0.8709030997659506, 0.5927413067958318, 43.629975549023214, 0.8470185479938386, 23.0, 3.52070372109371, 38.0]
ntrees:  63
auc: 0.8528188274870111
-----------
[0.1250309409220038, 87.58303356417609, 334.0, 1419.0, 15.0, 0.685693636252556, 0.6886015744493725, 86.14220580956497, 0.20845006537536737, 42.0, 2.2228086898013832, 35.0]
ntrees:  101
auc: 0.853346031832575
-----------
[0.02140601573863248, 63.76558127462008, 278.0, 1956.0, 7.0, 0.7785379825335661, 0.4885933348579242, 89.32221076313111, 0.30363843792191314, 34.0, 4.017706901230614, 46.0]
ntrees:  687
auc: 0.8562834515492309
-----------
[0.22131462426474718, 25.626173985488077, 141.0, 1045.0, 18.0, 0.7448195036286569, 0.8022360237227586, 89.44666932911001, 0.25449908511577357, 52.0, 2.8879868247668203, 15.0]
ntrees:  44
auc: 0.8528924609409426
-----------
[0.17969409740227732, 93.41104807935531, 466.0, 1090.0, 9.0, 0.749027371287786, 0.8153568493708612, 93.06303195502585, 3.2939619411140053, 37.0, 2.6234550509262378, 49.0]
ntrees:  49
auc: 0.8535377507698906
-----------
[0.08775698748735197, 11.314723447278457, 289.0, 1537.0, 12.0, 0.9957679810719251, 0.571835660304342, 71.92498803697454, 1.5015614993721234, 38.0, 2.1658554814330833, 5.0]
ntrees:  152
auc: 0.8575278576798924
-----------
[0.01699059347024304, 19.47380978551296, 84.0, 112.0, 4.0, 0.7734746570304354, 0.9403764065776375, 7.931480374078392, 4.750602754194702, 37.0, 4.5461038058261325, 10.0]
ntrees:  424
auc: 0.8584963598086036
-----------
[0.1490426503508538, 40.776960146271804, 402.0, 124.0, 3.0, 0.6688024785487392, 0.954737053065138, 13.810380160646663, 1.699550299328495, 112.0, 2.956791615995135, 17.0]
ntrees:  42
auc: 0.8532453924600855
-----------
[0.38328013436463715, 22.266652892315594, 167.0, 1769.0, 9.0, 0.6694173636902914, 0.4063133412744679, 38.61875118386781, 2.9927609896475325, 38.0, 2.41912524124368, 7.0]
ntrees:  35
auc: 0.8455838032219631
-----------
[0.1724796505125413, 57.61774960834825, 290.0, 563.0, 12.0, 0.9979251101279214, 0.7155879378012331, 43.06541216124934, 2.5857715739559097, 111.0, 4.844219059832394, 29.0]
ntrees:  59
auc: 0.8552547087337155
-----------
[0.2778733311486311, 69.89909103042223, 392.0, 512.0, 9.0, 0.5583757593528118, 0.611484986790757, 9.484059226662456, 2.0186114438973535, 82.0, 3.779415472801513, 48.0]
ntrees:  33
auc: 0.8452933673561496
-----------
[0.47293951485141544, 82.10286536388841, 374.0, 1768.0, 10.0, 0.8749820868484615, 0.4460907024079783, 53.80588629273365, 2.1980160082638496, 62.0, 2.4105116237868893, 27.0]
ntrees:  42
auc: 0.8426684585582027
-----------
[0.15323779943115784, 19.485436925144317, 426.0, 339.0, 13.0, 0.4858088187987176, 0.8967238960855127, 90.8427881845523, 0.3336195777576878, 70.0, 1.9758616186207827, 18.0]
ntrees:  56
auc: 0.8528871145678265
-----------
[0.01879476420755817, 34.07378871828214, 284.0, 528.0, 7.0, 0.6338736856715368, 0.6314709859623935, 93.53528099019248, 0.9585629798136386, 20.0, 4.617168859575021, 21.0]
ntrees:  759
auc: 0.8562707019701008
-----------
[0.4313250169608439, 55.3582702785304, 198.0, 1331.0, 13.0, 0.8322701503454064, 0.49198229829217105, 6.648731569251742, 3.3788867815871755, 78.0, 3.860513334595008, 34.0]
ntrees:  33
auc: 0.837281638438912
-----------
[0.29274310011532856, 43.04835928815979, 225.0, 171.0, 9.0, 0.5454875275167644, 0.7558252206661636, 92.29632730255275, 3.0840835615831126, 97.0, 2.6622025611962834, 26.0]
ntrees:  48
auc: 0.8498306699685207
-----------
[0.018534055158779598, 19.31171153528669, 414.0, 1708.0, 19.0, 0.4269142120003584, 0.43590002853638304, 15.611276438311839, 2.839248368346823, 7.0, 1.6129780876953368, 0.0]
ntrees:  945
auc: 0.8594321257283861
-----------
[0.018534055158779598, 28.56772876267941, 414.0, 1708.0, 19.0, 0.7030132450580604, 0.7862978350438524, 26.15283420930873, 2.515517527275548, 113.0, 1.6129780876953368, 2.4000000000000004]
ntrees:  402
auc: 0.8584304800646763
-----------
[0.018534055158779598, 19.31171153528669, 188.10000000000002, 1708.0, 7.9, 0.4269142120003584, 0.9342199483976814, 12.847994485691505, 2.515517527275548, 113.0, 1.6129780876953368, 0.0]
ntrees:  509
auc: 0.8587994652460186
-----------
[0.018534055158779598, 28.56772876267941, 414.0, 827.9000000000001, 19.0, 0.7030132450580604, 0.7862978350438524, 26.15283420930873, 2.839248368346823, 7.0, 1.6129780876953368, 0.0]
ntrees:  616
auc: 0.859718437413702
-----------
[0.018534055158779598, 28.56772876267941, 414.0, 1708.0, 19.0, 0.4269142120003584, 0.7862978350438524, 26.15283420930873, 1.578000985753081, 7.0, 1.6129780876953368, 0.0]
ntrees:  663
auc: 0.8594650961394834
-----------
[0.018534055158779598, 19.31171153528669, 414.0, 1708.0, 19.0, 0.3540980645856643, 0.9349904612947271, 15.611276438311839, 2.515517527275548, 113.0, 0.756060871480569, 0.0]
ntrees:  526
auc: 0.8597503879379431
-----------
[0.018534055158779598, 28.56772876267941, 414.0, 1708.0, 19.0, 0.4269142120003584, 0.9342199483976814, 15.611276438311839, 2.515517527275548, 113.0, 1.6129780876953368, 0.0]
ntrees:  549
auc: 0.8594202148325951
-----------
[0.018534055158779598, 28.56772876267941, 414.0, 1708.0, 19.0, 0.652228235206838, 0.9349904612947271, 15.611276438311839, 2.839248368346823, 7.0, 1.6129780876953368, 3.3000000000000003]
ntrees:  315
auc: 0.8578665283662052
-----------
[0.018534055158779598, 28.56772876267941, 414.0, 1708.0, 19.0, 0.7030132450580604, 0.7862978350438524, 26.15283420930873, 2.515517527275548, 113.0, 0.756060871480569, 0.0]
ntrees:  625
auc: 0.8595639370455208
-----------
[0.018534055158779598, 19.31171153528669, 414.0, 1708.0, 14.0, 0.4269142120003584, 0.9342199483976814, 15.611276438311839, 2.515517527275548, 113.0, 1.6129780876953368, 0.0]
ntrees:  525
auc: 0.8597592072716307
-----------
[0.020672796877309697, 16.395624882116714, 414.0, 1708.0, 19.0, 0.4269142120003584, 0.9342199483976814, 15.611276438311839, 2.515517527275548, 113.0, 1.6129780876953368, 0.0]
ntrees:  460
auc: 0.8596565055916114
-----------
[0.018534055158779598, 19.31171153528669, 414.0, 1708.0, 19.0, 0.4269142120003584, 0.9342199483976814, 15.611276438311839, 2.515517527275548, 113.0, 0.8253753382607613, 0.0]
ntrees:  521
auc: 0.8596969469647042
-----------
[0.020672796877309697, 16.395624882116714, 414.0, 1708.0, 19.0, 0.4269142120003584, 0.7862978350438524, 26.15283420930873, 2.839248368346823, 7.0, 1.6129780876953368, 0.0]
ntrees:  522
auc: 0.8597537872673534
-----------
[0.018534055158779598, 28.56772876267941, 414.0, 809.5, 14.0, 0.4269142120003584, 0.9342199483976814, 15.611276438311839, 1.3381921152825145, 113.0, 1.6129780876953368, 0.0]
ntrees:  412
auc: 0.8592685642242979
-----------
[0.018534055158779598, 28.56772876267941, 414.0, 881.3000000000001, 19.0, 0.4269142120003584, 0.9342199483976814, 15.611276438311839, 2.515517527275548, 113.0, 0.9294093853468841, 0.0]
ntrees:  545
auc: 0.8594397553791492
-----------
[0.018534055158779598, 19.31171153528669, 414.0, 1708.0, 19.0, 0.4269142120003584, 0.9342199483976814, 15.611276438311839, 1.4251839345193478, 113.0, 1.6129780876953368, 0.0]
ntrees:  439
auc: 0.8595156811761429
-----------
[0.018534055158779598, 28.56772876267941, 414.0, 1708.0, 19.0, 0.4269142120003584, 0.7862978350438524, 26.15283420930873, 2.839248368346823, 7.0, 0.8253753382607613, 0.0]
ntrees:  618
auc: 0.8598145550533163
-----------
[0.018534055158779598, 28.56772876267941, 414.0, 1708.0, 19.0, 0.4269142120003584, 0.9342199483976814, 15.611276438311839, 2.839248368346823, 7.0, 1.6129780876953368, 0.0]
ntrees:  537
auc: 0.8590976719047683
-----------
[0.018534055158779598, 28.56772876267941, 414.0, 702.9000000000001, 19.0, 0.7030132450580604, 0.7862978350438524, 26.15283420930873, 2.515517527275548, 113.0, 0.8253753382607613, 0.0]
ntrees:  628
auc: 0.8595102859042555
-----------
[0.018534055158779598, 28.56772876267941, 414.0, 1708.0, 19.0, 0.4269142120003584, 0.9342199483976814, 15.611276438311839, 2.515517527275548, 113.0, 1.6129780876953368, 3.6]
ntrees:  285
auc: 0.8564094983465024
-----------
[0.018534055158779598, 19.31171153528669, 414.0, 1708.0, 19.0, 0.4269142120003584, 0.7862978350438524, 16.61348164511176, 2.515517527275548, 113.0, 1.6129780876953368, 0.0]
ntrees:  612
auc: 0.8597114534421912
-----------
[0.018970074967237762, 18.476094782101868, 414.0, 1708.0, 19.0, 0.37188946730934114, 0.9342199483976814, 15.611276438311839, 2.515517527275548, 113.0, 1.6129780876953368, 2.9000000000000004]
ntrees:  324
auc: 0.8562214850413211
-----------
[0.018534055158779598, 13.294106449581673, 414.0, 1708.0, 19.0, 0.4269142120003584, 0.9342199483976814, 15.611276438311839, 2.515517527275548, 113.0, 0.9294093853468841, 2.7]
ntrees:  292
auc: 0.8570377743978952
