-----------
[0.01, 1, 255, 13, 10, 0.33, 0.05, 0, 1, 80, 1, 5]
ntrees:  1
auc: 1.0
-----------
[0.01, 1, 255, 13, 10, 0.33, 0.05, 0, 1, 80, 1, 5]
ntrees:  10
auc: 0.8048801614326443
-----------
[0.01, 1.0, 255.0, 13.0, 10.0, 0.33, 0.05, 0.0, 1.0, 80.0, 1.0, 5.0]
ntrees:  10
auc: 0.8048801614326443
-----------
[0.4135393025051921, 51.86577407892824, 158.0, 1018.0, 12.0, 0.7657071457752722, 0.5880563734005816, 27.637024341201244, 0.013080949690179033, 114.0, 4.990005980315184, 28.0]
ntrees:  25
auc: 0.8460378090190123
-----------
[0.11360788336743416, 70.43788238136592, 173.0, 607.0, 13.0, 0.9179715093465077, 0.8732308566442311, 60.41875855808085, 0.19271726502908093, 65.0, 4.510839637794143, 43.0]
ntrees:  84
auc: 0.8556342161643812
-----------
[0.30363487224078983, 10.904055670959773, 59.0, 1503.0, 6.0, 0.9242045373532847, 0.7875105115252926, 44.25586309875412, 1.2219350382812415, 39.0, 4.092358436717025, 32.0]
ntrees:  25
auc: 0.8527222652202043
-----------
[0.12879856716427068, 68.45215744337105, 28.0, 934.0, 8.0, 0.45001824335861, 0.4667467964069214, 45.02775106103725, 3.6800661108057215, 54.0, 1.4366126354405786, 31.0]
ntrees:  93
auc: 0.8497045114329611
-----------
[0.11990915598962994, 21.004265461778143, 248.0, 608.0, 10.0, 0.7156448727673033, 0.7187661013509119, 11.09882667380827, 2.577830940940804, 21.0, 1.5388482884360428, 17.0]
ntrees:  50
auc: 0.852171339140401
-----------
[0.13895720817942148, 36.909773860357454, 194.0, 257.0, 11.0, 0.7010935593635101, 0.44763089619579044, 66.01788504898187, 3.4056553030383325, 30.0, 1.2294920531486246, 49.0]
ntrees:  119
auc: 0.8534718148184124
-----------
[0.2829270380414123, 38.72822421821887, 41.0, 348.0, 5.0, 0.6288944289199998, 0.6813592143416769, 11.306725582637501, 2.9524310946405685, 40.0, 3.25693299144362, 9.0]
ntrees:  25
auc: 0.8425441523278737
-----------
[0.3923591856533365, 49.86428527212751, 171.0, 1059.0, 10.0, 0.7311752098137567, 0.9221745726490977, 77.19231386688831, 4.884658094872955, 97.0, 1.6768698192900002, 3.0]
ntrees:  24
auc: 0.8488204605586327
-----------
[0.410565054279161, 42.33569513085431, 503.0, 1178.0, 9.0, 0.4604983922383275, 0.5379383811310774, 56.96543992881959, 2.5109583947218854, 64.0, 3.1308950169506677, 3.0]
ntrees:  24
auc: 0.8407755823237194
-----------
[0.13007319528927558, 70.1129776424352, 377.0, 694.0, 2.0, 0.9037269859317806, 0.7679801381345279, 8.378231865756035, 1.3890174283522554, 67.0, 2.147476805334619, 26.0]
ntrees:  52
auc: 0.8529985913945367
-----------
[0.17002725707565564, 69.24994368366359, 210.0, 433.0, 8.0, 0.5995410374459768, 0.4528157848164975, 17.63370140443129, 2.3506911751279738, 30.0, 3.2746653772704226, 37.0]
ntrees:  60
auc: 0.8450711238146423
-----------
[0.4520311596938647, 2.819038471901613, 191.0, 1607.0, 19.0, 0.5532346386450346, 0.41196508920270475, 48.116739091674745, 2.8276993359998577, 110.0, 4.093414133417695, 26.0]
ntrees:  46
auc: 0.8488454670429485
-----------
[0.36904582200490704, 5.8178340548846545, 437.0, 1037.0, 12.0, 0.7205610781908681, 0.9767177406484281, 20.8896102579354, 1.5323687299047357, 106.0, 2.0824379850490806, 35.0]
ntrees:  12
auc: 0.850682534239683
-----------
[0.47549500749244933, 66.41343075518317, 96.0, 1070.0, 14.0, 0.5255323010603847, 0.5337378878818375, 70.38847827158405, 0.5363962190923782, 115.0, 1.1553711366285593, 13.0]
ntrees:  25
auc: 0.8406701552189597
-----------
[0.2599312673339908, 1.2408569909269744, 132.0, 1322.0, 17.0, 0.4001210845662339, 0.9767557104551432, 82.52526884381543, 0.5345155069584973, 87.0, 1.3166641338909049, 45.0]
ntrees:  30
auc: 0.8468356768294626
-----------
[0.2634824673303062, 20.895229369412924, 233.0, 560.0, 7.0, 0.5032874373527882, 0.9535584208864154, 92.73759118580558, 0.14477878823381085, 15.0, 4.0049017892753795, 32.0]
ntrees:  29
auc: 0.849910506170151
-----------
[0.16972658217502012, 45.43271070344584, 36.0, 1336.0, 14.0, 0.6978322018559424, 0.6865902840194329, 68.28509376681092, 0.17725876703917065, 49.0, 1.9096312760408538, 16.0]
ntrees:  60
auc: 0.8518658543380393
-----------
[0.15589950721436263, 6.507224524249229, 123.0, 501.0, 7.0, 0.9888101248809598, 0.8060852010382147, 56.79624519491367, 2.0424778803275974, 95.0, 1.8974418751244495, 45.0]
ntrees:  64
auc: 0.8566763586080034
-----------
[0.4281859769655976, 6.458679461400183, 395.0, 30.0, 19.0, 0.5906276349402875, 0.9329487861373937, 75.8574989121129, 2.178060720320791, 55.0, 1.8988184012396045, 48.0]
ntrees:  26
auc: 0.8514772644168687
-----------
[0.16400990812170305, 33.82445648033776, 98.0, 1735.0, 11.0, 0.42462861095620325, 0.4311123140231178, 80.08670667480601, 4.097135748714952, 10.0, 3.3720994094439587, 47.0]
ntrees:  151
auc: 0.8501591156628547
-----------
[0.3702005131285557, 47.089450233039244, 34.0, 337.0, 7.0, 0.5756542228577646, 0.4074676758823257, 10.671297419449965, 3.1884975092194705, 96.0, 1.8686863703011491, 3.0]
ntrees:  24
auc: 0.8330736959172984
-----------
[0.3084243414412938, 54.56429012676824, 419.0, 1054.0, 12.0, 0.5893407083993556, 0.5462805760764612, 32.080187982093335, 1.5718067114800798, 33.0, 3.539271014131783, 3.0]
ntrees:  25
auc: 0.8413160953570455
-----------
[0.31802766874935695, 91.96513414950505, 461.0, 1650.0, 9.0, 0.9392100994652747, 0.6792328196227224, 26.874958127962177, 4.289783725721022, 57.0, 1.180121384467495, 39.0]
ntrees:  39
auc: 0.8490200406056274
-----------
[0.09786944951815003, 89.79583047834666, 114.0, 1201.0, 3.0, 0.40356046093190756, 0.43696195127599147, 2.379938691630712, 2.8359434995734736, 25.0, 1.4583248425938242, 3.0]
ntrees:  60
auc: 0.8365350230495526
-----------
[0.1894355707949061, 41.55730787387143, 154.0, 271.0, 17.0, 0.518016360425503, 0.42693073019321415, 58.28802028141371, 1.6367214515825168, 90.0, 4.614897743446597, 49.0]
ntrees:  53
auc: 0.8505477646144186
-----------
[0.028094214448375836, 93.12222152141493, 390.0, 308.0, 12.0, 0.5657338291422404, 0.5973707256395407, 8.599362649652099, 0.14682213160614965, 66.0, 4.187045775030723, 8.0]
ntrees:  309
auc: 0.8534994361643996
-----------
[0.12903291062819405, 98.08250120451375, 136.0, 507.0, 17.0, 0.9387214781917796, 0.9234355110071997, 96.43844766829646, 1.742473509010774, 93.0, 3.0988298491042223, 5.0]
ntrees:  85
auc: 0.855755545697148
-----------
[0.09244288081261694, 51.6701961354181, 399.0, 1059.0, 2.0, 0.6301947682999398, 0.5794438796727488, 0.4719871663913078, 4.909694008848775, 101.0, 3.464439126723321, 32.0]
ntrees:  68
auc: 0.8513015927405224
-----------
[0.49342726687844235, 84.05436854897222, 44.0, 200.0, 15.0, 0.8729892780372861, 0.8878844857588009, 40.77885336440761, 3.364073383442992, 13.0, 2.2329197722521443, 12.0]
ntrees:  11
auc: 0.8441801048455435
-----------
[0.41399932254102084, 38.554891305313674, 495.0, 156.0, 2.0, 0.5056067320002084, 0.6709542906059405, 50.642594841036725, 4.770356146143251, 12.0, 1.7988153972006105, 5.0]
ntrees:  21
auc: 0.8407616579741312
-----------
[0.44404814528729275, 36.76271423841193, 228.0, 840.0, 18.0, 0.9996847354019426, 0.9692759445863908, 62.37556606107929, 1.2328612562701147, 39.0, 1.095483498703345, 14.0]
ntrees:  13
auc: 0.8492006545662047
-----------
[0.37306483096944737, 40.72385701144328, 433.0, 843.0, 3.0, 0.993172034808132, 0.45370845699884277, 91.09421763404112, 0.0650407524911023, 35.0, 4.5929937138321915, 2.0]
ntrees:  40
auc: 0.8495761022542354
-----------
[0.29501324696850295, 84.43887257134763, 400.0, 948.0, 3.0, 0.4566316119894516, 0.9036209545721032, 25.905058218731625, 4.984555778332142, 88.0, 4.026740814703402, 25.0]
ntrees:  25
auc: 0.8473450304845022
-----------
[0.1738099015694917, 3.0992969490881968, 308.0, 741.0, 19.0, 0.6957238157225036, 0.6610767268978839, 40.54180889711433, 3.4268264728114097, 112.0, 3.0008269407149397, 21.0]
ntrees:  72
auc: 0.8538877753760781
-----------
[0.3555283378613276, 16.096739692618492, 368.0, 1646.0, 2.0, 0.5897510588883734, 0.5799651796907798, 37.661799002129925, 1.814305958099941, 30.0, 4.749392774840425, 45.0]
ntrees:  25
auc: 0.8476062506751173
-----------
[0.35614939491670855, 48.013581803754086, 118.0, 1751.0, 7.0, 0.8209849247445083, 0.42526072305692963, 41.7540555133376, 2.4592101413646956, 16.0, 2.2156030343026627, 2.0]
ntrees:  24
auc: 0.8451324378795964
-----------
[0.3114054537364666, 65.14064066206913, 272.0, 1709.0, 17.0, 0.5897246575360713, 0.4905153332044386, 55.63423884627782, 1.1494543400124475, 60.0, 2.070523251297798, 19.0]
ntrees:  38
auc: 0.8450622649337811
-----------
[0.11886263801104997, 32.03826506973378, 492.0, 17.0, 11.0, 0.7776276121375093, 0.4094473028719321, 22.434704989102382, 4.151322793772593, 51.0, 4.731951204796269, 21.0]
ntrees:  184
auc: 0.855540606697985
-----------
[0.17966293599223296, 54.83900250064615, 323.0, 504.0, 19.0, 0.782817202981865, 0.687227895197962, 14.96498218691017, 3.0437599442525287, 63.0, 2.055754929493932, 36.0]
ntrees:  70
auc: 0.8497320110239173
-----------
[0.289972419117552, 36.25594301897901, 62.0, 559.0, 19.0, 0.9033855149410622, 0.9832580362134713, 51.85080179447931, 3.147504198554688, 59.0, 1.225994308344692, 18.0]
ntrees:  32
auc: 0.8517631034438251
-----------
[0.4795868886037667, 75.91840176851618, 378.0, 1049.0, 6.0, 0.8003394630644336, 0.8883117403315819, 17.94143582910288, 1.1875357515223817, 111.0, 3.5240901492029604, 0.0]
ntrees:  12
auc: 0.8457125030005048
-----------
[0.39624407835515973, 57.97358919730656, 386.0, 1928.0, 12.0, 0.46999097356413294, 0.5651017446935219, 51.91114173965769, 1.28339943291836, 96.0, 3.9759521050057574, 31.0]
ntrees:  25
auc: 0.8451869554770619
-----------
[0.4616111615764387, 67.77343492686381, 389.0, 1716.0, 14.0, 0.9922229287194947, 0.8990808938736322, 11.186160536137912, 0.9589369390204538, 15.0, 4.5634323190611035, 4.0]
ntrees:  11
auc: 0.843464944928726
-----------
[0.37540544584947444, 91.5907294386253, 452.0, 221.0, 17.0, 0.8040481053517503, 0.5470616245250499, 70.2979587859079, 1.7269330015461164, 38.0, 2.1666421617612377, 22.0]
ntrees:  44
auc: 0.8460181396954756
-----------
[0.4031628744777831, 61.42511419436944, 137.0, 1209.0, 4.0, 0.9454833256153311, 0.7491341093565032, 99.9646849497198, 1.6540217980749157, 54.0, 2.226489665815522, 9.0]
ntrees:  25
auc: 0.850365019795786
-----------
[0.13020182134363828, 79.68992285239945, 423.0, 1844.0, 15.0, 0.9182846778551027, 0.4791172448756515, 10.792701513083546, 2.4461543746129806, 25.0, 1.5187004882730486, 14.0]
ntrees:  164
auc: 0.8507089763916955
-----------
[0.004051972482550488, 81.32461637787671, 22.0, 1122.0, 18.0, 0.5072678446305929, 0.8935801430254046, 92.66083026612424, 2.2553442375708177, 55.0, 3.4143119743501202, 9.0]
ntrees:  3045
auc: 0.8547168599224761
-----------
[0.3350845595601756, 42.67224665239393, 392.0, 1506.0, 4.0, 0.7123404773181383, 0.406468166089778, 69.3901441677954, 2.4229834757552995, 116.0, 4.828134974361795, 49.0]
ntrees:  47
auc: 0.8486060282174475
-----------
[0.1362743650494762, 12.524115927340654, 193.0, 108.0, 3.0, 0.40425757661617295, 0.5568066534320033, 80.49194038674776, 1.9690112391650638, 19.0, 2.829839624149602, 8.0]
ntrees:  129
auc: 0.8519671207031425
-----------
[0.15589950721436263, 6.507224524249229, 123.0, 501.0, 7.0, 0.9888101248809598, 0.8060852010382147, 56.79624519491367, 2.0424778803275974, 95.0, 3.0988298491042223, 5.0]
ntrees:  66
auc: 0.8566909197968826
-----------
[0.12903291062819405, 98.08250120451375, 136.0, 507.0, 17.0, 0.9387214781917796, 0.9234355110071997, 96.43844766829646, 1.742473509010774, 93.0, 1.8974418751244495, 45.0]
ntrees:  72
auc: 0.8554711281093047
-----------
[0.11360788336743416, 70.43788238136592, 173.0, 607.0, 13.0, 0.9179715093465077, 0.8732308566442311, 56.79624519491367, 2.0424778803275974, 95.0, 1.8974418751244495, 45.0]
ntrees:  87
auc: 0.8559780465892709
-----------
[0.15589950721436263, 6.507224524249229, 77.10000000000001, 501.0, 7.0, 0.9888101248809598, 0.8060852010382147, 60.41875855808085, 0.19271726502908093, 65.0, 4.510839637794143, 43.0]
ntrees:  60
auc: 0.8560773913471659
-----------
[0.15589950721436263, 6.507224524249229, 123.0, 501.0, 7.0, 0.9888101248809598, 0.4094473028719321, 22.434704989102382, 4.151322793772593, 51.0, 4.731951204796269, 21.0]
ntrees:  116
auc: 0.8561397060162645
-----------
[0.11886263801104997, 32.03826506973378, 492.0, 17.0, 11.0, 0.7776276121375093, 0.8060852010382147, 56.79624519491367, 2.0424778803275974, 95.0, 1.8974418751244495, 45.0]
ntrees:  216
auc: 0.8558571248322758
-----------
[0.15589950721436263, 6.507224524249229, 123.0, 501.0, 7.0, 0.9888101248809598, 0.8060852010382147, 56.79624519491367, 2.2553442375708177, 55.0, 3.4143119743501202, 9.0]
ntrees:  65
auc: 0.8567533675628335
-----------
[0.004051972482550488, 81.32461637787671, 22.0, 1122.0, 18.0, 0.5072678446305929, 0.8935801430254046, 92.66083026612424, 2.0424778803275974, 95.0, 1.8974418751244495, 45.0]
ntrees:  2297
auc: 0.8538624644884159
-----------
[0.11360788336743416, 70.43788238136592, 79.10000000000001, 607.0, 17.0, 0.9387214781917796, 0.9234355110071997, 96.43844766829646, 1.742473509010774, 93.0, 3.0988298491042223, 5.0]
ntrees:  120
auc: 0.8557613813540967
-----------
[0.12903291062819405, 98.08250120451375, 57.2, 507.0, 13.0, 0.9179715093465077, 0.8732308566442311, 60.41875855808085, 0.19271726502908093, 65.0, 4.510839637794143, 43.0]
ntrees:  68
auc: 0.8547269851392851
-----------
[0.12903291062819405, 98.08250120451375, 136.0, 507.0, 17.0, 0.7776276121375093, 0.4094473028719321, 22.434704989102382, 4.151322793772593, 51.0, 4.731951204796269, 21.0]
ntrees:  117
auc: 0.8501900034619652
-----------
[0.11886263801104997, 32.03826506973378, 492.0, 17.0, 11.0, 0.46019489818550896, 0.9234355110071997, 96.43844766829646, 0.832829441388383, 93.0, 3.0988298491042223, 5.0]
ntrees:  195
auc: 0.8533907887261567
-----------
[0.11360788336743416, 70.43788238136592, 173.0, 396.5, 13.0, 0.9179715093465077, 0.8732308566442311, 22.434704989102382, 4.151322793772593, 51.0, 4.731951204796269, 21.0]
ntrees:  63
auc: 0.8547068449682549
-----------
[0.11886263801104997, 32.03826506973378, 492.0, 17.0, 11.0, 0.7776276121375093, 0.4094473028719321, 60.41875855808085, 0.19271726502908093, 65.0, 4.510839637794143, 20.1]
ntrees:  183
auc: 0.8559146709057467
-----------
[0.15589950721436263, 6.507224524249229, 123.0, 501.0, 7.0, 0.9888101248809598, 0.8060852010382147, 56.79624519491367, 2.0424778803275974, 53.10000000000001, 3.0008269407149397, 21.0]
ntrees:  68
auc: 0.8567731485260838
-----------
[0.08110080012273514, 3.0992969490881968, 308.0, 741.0, 19.0, 0.6957238157225036, 0.6610767268978839, 40.54180889711433, 3.4268264728114097, 95.0, 1.8974418751244495, 45.0]
ntrees:  117
auc: 0.8551556191506903
-----------
[0.12903291062819405, 48.638801510011696, 67.7, 507.0, 17.0, 0.9387214781917796, 0.8935801430254046, 92.66083026612424, 2.2553442375708177, 55.0, 3.4143119743501202, 9.0]
ntrees:  90
auc: 0.8552935290283582
-----------
[0.004051972482550488, 81.32461637787671, 22.0, 1122.0, 18.0, 0.26540641507903046, 0.9234355110071997, 96.43844766829646, 1.742473509010774, 93.0, 3.0988298491042223, 5.0]
ntrees:  3184
auc: 0.8515744981107977
-----------
[0.11360788336743416, 70.43788238136592, 173.0, 607.0, 13.0, 0.9179715093465077, 0.8935801430254046, 92.66083026612424, 2.2553442375708177, 55.0, 3.4143119743501202, 9.0]
ntrees:  88
auc: 0.8556143041683828
-----------
[0.004051972482550488, 81.32461637787671, 22.0, 1122.0, 18.0, 0.5072678446305929, 0.8732308566442311, 60.41875855808085, 0.19271726502908093, 65.0, 4.510839637794143, 43.0]
ntrees:  1978
auc: 0.8539514844765135
-----------
[0.11886263801104997, 32.03826506973378, 492.0, 17.0, 11.0, 0.7776276121375093, 0.4094473028719321, 92.66083026612424, 2.2553442375708177, 55.0, 3.4143119743501202, 9.0]
ntrees:  213
auc: 0.8552607357978893
-----------
[0.004051972482550488, 81.32461637787671, 22.0, 1122.0, 18.0, 0.5072678446305929, 0.8935801430254046, 22.434704989102382, 4.151322793772593, 51.0, 4.731951204796269, 21.0]
ntrees:  1642
auc: 0.8542111475587996
-----------
[0.15589950721436263, 6.507224524249229, 123.0, 501.0, 7.0, 0.9888101248809598, 0.5973707256395407, 8.599362649652099, 0.14682213160614965, 66.0, 4.187045775030723, 8.0]
ntrees:  40
auc: 0.852485067982036
-----------
[0.028094214448375836, 93.12222152141493, 390.0, 308.0, 12.0, 0.5657338291422404, 0.8060852010382147, 56.79624519491367, 2.0424778803275974, 95.0, 1.8974418751244495, 45.0]
ntrees:  369
auc: 0.8543717481051939
-----------
[0.13895720817942148, 36.909773860357454, 194.0, 257.0, 11.0, 0.7010935593635101, 0.44763089619579044, 29.363822735272848, 3.4056553030383325, 30.0, 1.8974418751244495, 45.0]
ntrees:  58
auc: 0.8520534964027581
-----------
[0.15589950721436263, 6.507224524249229, 123.0, 501.0, 7.0, 0.9888101248809598, 0.8060852010382147, 56.79624519491367, 2.0424778803275974, 95.0, 1.2294920531486246, 49.0]
ntrees:  63
auc: 0.8565668662225632
-----------
[0.13007319528927558, 70.1129776424352, 377.0, 694.0, 7.0, 0.9888101248809598, 0.8060852010382147, 56.79624519491367, 2.0424778803275974, 95.0, 1.8974418751244495, 45.0]
ntrees:  67
auc: 0.8561180219424405
-----------
[0.15589950721436263, 6.507224524249229, 123.0, 501.0, 2.4000000000000004, 0.9037269859317806, 0.3557938030895881, 8.378231865756035, 1.3890174283522554, 67.0, 2.147476805334619, 26.0]
ntrees:  53
auc: 0.8508788966735598
-----------
[0.12903291062819405, 98.08250120451375, 136.0, 507.0, 17.0, 0.9387214781917796, 0.9234355110071997, 96.43844766829646, 0.7379531649503037, 112.0, 3.0008269407149397, 21.0]
ntrees:  83
auc: 0.8558442747309497
-----------
[0.1738099015694917, 3.0992969490881968, 308.0, 741.0, 19.0, 0.6957238157225036, 0.6610767268978839, 40.54180889711433, 3.4268264728114097, 93.0, 3.0988298491042223, 5.0]
ntrees:  109
auc: 0.8549115436448094
-----------
[0.11360788336743416, 70.43788238136592, 173.0, 741.0, 19.0, 0.6957238157225036, 0.6610767268978839, 40.54180889711433, 1.6953406262014514, 112.0, 3.0008269407149397, 21.0]
ntrees:  78
auc: 0.8532241468170702
-----------
[0.1738099015694917, 3.0992969490881968, 308.0, 607.0, 13.0, 0.9179715093465077, 0.8732308566442311, 60.41875855808085, 0.19271726502908093, 65.0, 4.510839637794143, 43.0]
ntrees:  77
auc: 0.8567737512970964
-----------
[0.1738099015694917, 3.0992969490881968, 308.0, 17.0, 11.0, 0.7776276121375093, 0.4094473028719321, 22.434704989102382, 4.151322793772593, 51.0, 2.064958355190322, 21.0]
ntrees:  107
auc: 0.8549187327436201
-----------
[0.11886263801104997, 32.03826506973378, 492.0, 741.0, 9.4, 0.6957238157225036, 0.6610767268978839, 40.54180889711433, 3.4268264728114097, 112.0, 3.0008269407149397, 21.0]
ntrees:  68
auc: 0.8539548477710733
-----------
[0.30363487224078983, 10.904055670959773, 59.0, 1503.0, 3.0000000000000004, 0.9242045373532847, 0.7875105115252926, 44.25586309875412, 1.2219350382812415, 39.0, 1.8974418751244495, 45.0]
ntrees:  24
auc: 0.8532553166399737
-----------
[0.15589950721436263, 6.507224524249229, 123.0, 501.0, 3.4000000000000004, 0.9888101248809598, 0.8060852010382147, 56.79624519491367, 2.0424778803275974, 95.0, 4.092358436717025, 32.0]
ntrees:  63
auc: 0.8567891605401259
-----------
[0.028094214448375836, 93.12222152141493, 390.0, 308.0, 12.0, 0.5657338291422404, 0.5973707256395407, 8.599362649652099, 1.742473509010774, 93.0, 3.0988298491042223, 5.0]
ntrees:  311
auc: 0.8538283850171482
-----------
[0.12903291062819405, 98.08250120451375, 136.0, 507.0, 17.0, 0.9387214781917796, 0.9234355110071997, 96.43844766829646, 0.14682213160614965, 66.0, 4.187045775030723, 8.0]
ntrees:  80
auc: 0.8557378701242524
-----------
[0.13895720817942148, 36.909773860357454, 194.0, 257.0, 11.0, 0.3210457663511325, 0.23840911649589389, 96.43844766829646, 1.742473509010774, 93.0, 3.0988298491042223, 5.0]
ntrees:  197
auc: 0.8487188516794442
-----------
[0.09402189764232231, 98.08250120451375, 68.30000000000001, 507.0, 17.0, 0.9387214781917796, 0.9234355110071997, 27.87157604703521, 3.4056553030383325, 30.0, 1.2294920531486246, 49.0]
ntrees:  95
auc: 0.854768856627163
-----------
[0.11360788336743416, 93.12222152141493, 390.0, 308.0, 12.0, 0.5657338291422404, 0.5973707256395407, 8.599362649652099, 0.14682213160614965, 66.0, 4.187045775030723, 8.0]
ntrees:  67
auc: 0.8479972184031371
-----------
[0.028094214448375836, 70.43788238136592, 173.0, 607.0, 13.0, 0.9179715093465077, 0.8732308566442311, 60.41875855808085, 0.19271726502908093, 65.0, 4.510839637794143, 43.0]
ntrees:  330
auc: 0.8572449142987972
-----------
[0.4821604154674289, 94.91378479304821, 264.0, 466.0, 16.0, 0.48070075028234927, 0.4774540198676318, 93.18896057120067, 0.4625836790867671, 113.0, 4.622884591761169, 8.0]
ntrees:  24
auc: 0.8398445170702866
-----------
[0.2841103728658328, 72.61755554357019, 237.0, 990.0, 15.0, 0.4686666300993214, 0.8070654775871781, 68.49881573771974, 2.6649739222110935, 38.0, 2.4283310267232507, 5.0]
ntrees:  25
auc: 0.8448305881027863
-----------
[0.41693437487628776, 72.80757744510485, 152.0, 1654.0, 19.0, 0.5222813033857383, 0.42839345395242123, 90.0402076860636, 3.3391201921924085, 51.0, 1.0088030725690027, 24.0]
ntrees:  24
auc: 0.8452143532604899
-----------
[0.15589950721436263, 6.507224524249229, 123.0, 501.0, 3.2600000000000007, 0.9179715093465077, 0.8732308566442311, 60.41875855808085, 0.19271726502908093, 65.0, 4.510839637794143, 43.0]
ntrees:  53
auc: 0.8561089320451203
-----------
[0.028094214448375836, 70.43788238136592, 173.0, 607.0, 13.0, 0.4473763502503227, 0.8060852010382147, 56.79624519491367, 2.0424778803275974, 95.0, 4.092358436717025, 32.0]
ntrees:  357
auc: 0.8534630159573471
-----------
[0.15589950721436263, 6.507224524249229, 123.0, 501.0, 7.0, 0.9888101248809598, 0.8060852010382147, 60.41875855808085, 0.19271726502908093, 65.0, 4.510839637794143, 43.0]
ntrees:  59
auc: 0.8561985590640632
-----------
[0.028094214448375836, 70.43788238136592, 173.0, 607.0, 13.0, 0.43376876986975194, 0.8732308566442311, 56.79624519491367, 2.0424778803275974, 53.10000000000001, 3.0008269407149397, 21.0]
ntrees:  319
auc: 0.8526025011538778
-----------
[0.15589950721436263, 30.035043770470114, 173.0, 607.0, 13.0, 0.9179715093465077, 0.8732308566442311, 60.41875855808085, 0.19271726502908093, 65.0, 4.510839637794143, 43.0]
ntrees:  60
auc: 0.8552756244605622
-----------
[0.028094214448375836, 6.507224524249229, 123.0, 501.0, 7.0, 0.4407324674740342, 0.8060852010382147, 56.79624519491367, 2.2553442375708177, 55.0, 3.4143119743501202, 9.0]
ntrees:  690
auc: 0.8559282335782704
-----------
[0.15589950721436263, 6.507224524249229, 56.400000000000006, 501.0, 7.0, 0.9888101248809598, 0.8060852010382147, 56.79624519491367, 0.19271726502908093, 65.0, 4.510839637794143, 43.0]
ntrees:  56
auc: 0.8560086745828632
-----------
[0.028094214448375836, 70.43788238136592, 173.0, 607.0, 13.0, 0.9179715093465077, 0.8732308566442311, 60.41875855808085, 2.0424778803275974, 95.0, 3.0988298491042223, 5.0]
ntrees:  365
auc: 0.8574978909828068
-----------
[0.15589950721436263, 11.124863384546252, 123.0, 501.0, 7.0, 0.9888101248809598, 0.8060852010382147, 60.41875855808085, 0.19271726502908093, 65.0, 4.510839637794143, 43.0]
ntrees:  48
auc: 0.856067279541406
-----------
[0.013156492593887134, 70.43788238136592, 173.0, 607.0, 13.0, 0.9179715093465077, 0.8732308566442311, 56.79624519491367, 2.0424778803275974, 95.0, 1.8974418751244495, 45.0]
ntrees:  721
auc: 0.8580448499697161
-----------
[0.15589950721436263, 70.43788238136592, 173.0, 607.0, 13.0, 0.9179715093465077, 0.8732308566442311, 60.41875855808085, 0.19271726502908093, 65.0, 4.510839637794143, 43.0]
ntrees:  70
auc: 0.8543896814700123
-----------
[0.028094214448375836, 6.507224524249229, 123.0, 501.0, 4.300000000000001, 0.9888101248809598, 0.8060852010382147, 56.79624519491367, 2.0424778803275974, 95.0, 1.2294920531486246, 49.0]
ntrees:  336
auc: 0.8579414728177864
-----------
[0.1738099015694917, 3.0992969490881968, 308.0, 607.0, 13.0, 0.9179715093465077, 0.8732308566442311, 60.41875855808085, 0.19271726502908093, 65.0, 4.092358436717025, 32.0]
ntrees:  86
auc: 0.8565537921905637
-----------
[0.15589950721436263, 6.507224524249229, 123.0, 501.0, 3.4000000000000004, 0.9888101248809598, 0.8060852010382147, 56.79624519491367, 2.0424778803275974, 95.0, 4.510839637794143, 43.0]
ntrees:  63
auc: 0.8565316444044908
-----------
[0.15589950721436263, 6.507224524249229, 123.0, 501.0, 3.4000000000000004, 0.9888101248809598, 0.3800444773199287, 56.79624519491367, 2.0424778803275974, 95.0, 4.092358436717025, 32.0]
ntrees:  160
auc: 0.8557198707698376
-----------
[0.15589950721436263, 6.507224524249229, 123.0, 501.0, 7.0, 0.9888101248809598, 0.8060852010382147, 56.79624519491367, 2.0424778803275974, 65.0, 4.510839637794143, 43.0]
ntrees:  64
auc: 0.8566626123624012
-----------
[0.1738099015694917, 3.0992969490881968, 308.0, 607.0, 13.0, 0.9179715093465077, 0.8732308566442311, 60.41875855808085, 0.19271726502908093, 53.10000000000001, 3.0008269407149397, 21.0]
ntrees:  81
auc: 0.8566497756164824
-----------
[0.15589950721436263, 6.507224524249229, 123.0, 501.0, 7.0, 0.9888101248809598, 0.8060852010382147, 56.79624519491367, 2.2553442375708177, 55.0, 1.8628866580356087, 32.0]
ntrees:  65
auc: 0.8565143518602032
-----------
[0.15589950721436263, 6.507224524249229, 123.0, 501.0, 3.4000000000000004, 0.9888101248809598, 0.8060852010382147, 56.79624519491367, 2.0424778803275974, 95.0, 3.4143119743501202, 9.0]
ntrees:  76
auc: 0.8568132636164029
-----------
[0.15589950721436263, 6.507224524249229, 123.0, 501.0, 7.0, 0.45227638971027506, 0.8060852010382147, 56.79624519491367, 2.2553442375708177, 55.0, 4.510839637794143, 21.0]
ntrees:  77
auc: 0.8534448308488978
-----------
[0.1738099015694917, 3.0992969490881968, 308.0, 607.0, 13.0, 0.9179715093465077, 0.8732308566442311, 60.41875855808085, 0.19271726502908093, 65.0, 3.4143119743501202, 9.0]
ntrees:  82
auc: 0.8571536876937051
-----------
[0.15589950721436263, 6.507224524249229, 123.0, 501.0, 3.7, 0.9888101248809598, 0.8060852010382147, 56.79624519491367, 2.0424778803275974, 53.10000000000001, 3.0008269407149397, 21.0]
ntrees:  66
auc: 0.8567294202190971
-----------
[0.15589950721436263, 6.507224524249229, 123.0, 501.0, 7.0, 0.9888101248809598, 0.8060852010382147, 56.79624519491367, 2.0424778803275974, 95.0, 3.0988298491042223, 5.0]
ntrees:  66
auc: 0.8566909197968826
-----------
[0.0750338692835922, 6.507224524249229, 123.0, 501.0, 7.0, 0.9888101248809598, 0.8060852010382147, 56.79624519491367, 2.0424778803275974, 95.0, 4.092358436717025, 32.0]
ntrees:  136
auc: 0.8574622846383166
-----------
[0.15589950721436263, 6.507224524249229, 123.0, 501.0, 3.4000000000000004, 0.9888101248809598, 0.8060852010382147, 56.79624519491367, 2.0424778803275974, 43.9, 1.8974418751244495, 45.0]
ntrees:  63
auc: 0.8564883804215266
-----------
[0.15589950721436263, 6.507224524249229, 123.0, 315.8, 7.0, 0.9888101248809598, 0.392705202240198, 60.41875855808085, 0.19271726502908093, 65.0, 4.510839637794143, 43.0]
ntrees:  93
auc: 0.8555207667574815
-----------
[0.1738099015694917, 3.0992969490881968, 308.0, 607.0, 13.0, 0.9179715093465077, 0.8732308566442311, 56.79624519491367, 2.0424778803275974, 95.0, 3.0988298491042223, 5.0]
ntrees:  68
auc: 0.8562112358652965
-----------
[0.09996174653318618, 11.228698080941566, 308.0, 607.0, 13.0, 0.9179715093465077, 0.8732308566442311, 60.41875855808085, 0.19271726502908093, 65.0, 4.510839637794143, 22.0]
ntrees:  90
auc: 0.856986016578924
-----------
[0.1738099015694917, 6.507224524249229, 123.0, 501.0, 2.9000000000000004, 0.9888101248809598, 0.8060852010382147, 56.79624519491367, 2.0424778803275974, 95.0, 1.8974418751244495, 45.0]
ntrees:  57
auc: 0.8568245544097458
-----------
[0.15589950721436263, 6.507224524249229, 123.0, 501.0, 7.0, 0.48671530857144346, 0.8060852010382147, 56.79624519491367, 2.0424778803275974, 53.10000000000001, 3.0008269407149397, 21.0]
ntrees:  86
auc: 0.8537389027591175
-----------
[0.15589950721436263, 6.507224524249229, 123.0, 501.0, 7.0, 0.9888101248809598, 0.8060852010382147, 56.79624519491367, 0.9524531547133895, 95.0, 1.8974418751244495, 45.0]
ntrees:  69
auc: 0.8566810386279364
-----------
[0.15589950721436263, 6.507224524249229, 84.7, 501.0, 7.0, 0.9888101248809598, 0.40852263691296964, 56.79624519491367, 2.2553442375708177, 55.0, 3.4143119743501202, 9.0]
ntrees:  137
auc: 0.8559767791419338
-----------
[0.15589950721436263, 10.629445921924926, 123.0, 501.0, 7.0, 0.9888101248809598, 0.8060852010382147, 56.79624519491367, 2.0424778803275974, 95.0, 3.0988298491042223, 5.7]
ntrees:  69
auc: 0.8567183462560252
-----------
[0.15589950721436263, 6.507224524249229, 123.0, 501.0, 7.0, 0.9888101248809598, 0.8060852010382147, 56.79624519491367, 2.0424778803275974, 95.0, 1.2155016714633082, 45.0]
ntrees:  59
auc: 0.8565383989985531
-----------
[0.0542938296834539, 68.1848826039328, 202.0, 934.0, 13.0, 0.9724860173411786, 0.444878619516513, 19.99342851549608, 0.15501572177421763, 57.0, 4.417513388491151, 32.0]
ntrees:  183
auc: 0.8512953835547318
-----------
[0.4157852282201818, 5.571334417338911, 343.0, 814.0, 8.0, 0.5111828088618017, 0.47363421537934297, 23.326060521512304, 0.2151396941985939, 31.0, 4.542920258247692, 40.0]
ntrees:  24
auc: 0.8420248331872328
-----------
[0.30098038446367686, 48.77502219383022, 360.0, 315.0, 2.0, 0.8483812444161698, 0.6068767987026128, 70.4735462469614, 0.4126174289965562, 118.0, 4.125406261701428, 21.0]
ntrees:  40
auc: 0.8506082072867377
-----------
[0.2660628121833669, 17.467133798446177, 59.0, 1747.0, 2.0, 0.5834704592487855, 0.4762763368112831, 90.52687134843822, 1.4349653793718442, 72.0, 2.5745088367243207, 20.0]
ntrees:  63
auc: 0.8505940377438312
-----------
[0.27399066397319166, 99.71904829776109, 509.0, 1592.0, 15.0, 0.6920808805528036, 0.7930794335403287, 47.61360639011335, 1.4620351605254873, 83.0, 4.489677133490038, 28.0]
ntrees:  27
auc: 0.8504499106154885
-----------
[0.42542621479377773, 39.17835707173261, 436.0, 56.0, 5.0, 0.8495940795193085, 0.5157862334616127, 56.58345939717403, 4.773634708310718, 68.0, 3.6224377212440992, 49.0]
ntrees:  51
auc: 0.8499772348823879
-----------
[0.29934746686705377, 61.387105019338264, 72.0, 1309.0, 1.0, 0.4166446387674755, 0.8688783402016709, 62.30545941918447, 2.218410071808184, 106.0, 2.6975244515471988, 29.0]
ntrees:  28
auc: 0.8477904159416191
-----------
[0.16590270031128773, 70.41093807718367, 500.0, 390.0, 14.0, 0.8506110823821088, 0.6346856227549738, 8.36953110513522, 4.598164902382836, 92.0, 2.12943177279881, 10.0]
ntrees:  60
auc: 0.8510090043412118
-----------
[0.03033312034330387, 74.55095864006455, 155.0, 1756.0, 10.0, 0.40993094453653633, 0.7395003986271578, 41.41920892222024, 3.7566277508435526, 7.0, 4.6521906572361935, 30.0]
ntrees:  220
auc: 0.8513862981289299
-----------
[0.11481886094894807, 5.174045074918895, 306.0, 1899.0, 12.0, 0.9638178867024068, 0.7554975891702108, 13.59002239949685, 4.3293546609116405, 115.0, 1.9533530426450363, 35.0]
ntrees:  80
auc: 0.8574584342497594
-----------
[0.1492479408263802, 69.9904945893868, 246.0, 850.0, 18.0, 0.5300399406194536, 0.49379564327514525, 19.403492958273205, 3.934734948086078, 63.0, 3.5090569769268587, 22.0]
ntrees:  64
auc: 0.8472986294733857
-----------
[0.013156492593887134, 70.43788238136592, 173.0, 607.0, 13.0, 0.9179715093465077, 0.8060852010382147, 56.79624519491367, 2.0424778803275974, 95.0, 1.2294920531486246, 49.0]
ntrees:  732
auc: 0.8577555879375186
-----------
[0.028094214448375836, 6.507224524249229, 123.0, 501.0, 4.300000000000001, 0.9888101248809598, 0.8732308566442311, 56.79624519491367, 2.0424778803275974, 95.0, 1.8974418751244495, 45.0]
ntrees:  336
auc: 0.8583120758522014
-----------
[0.028094214448375836, 70.43788238136592, 173.0, 607.0, 13.0, 0.9179715093465077, 0.8732308566442311, 56.79624519491367, 2.0424778803275974, 95.0, 1.8974418751244495, 45.0]
ntrees:  390
auc: 0.8575026572028216
-----------
[0.013156492593887134, 70.43788238136592, 173.0, 607.0, 13.0, 0.9179715093465077, 0.8732308566442311, 60.41875855808085, 2.0424778803275974, 95.0, 3.0988298491042223, 5.0]
ntrees:  689
auc: 0.8581209389249752
-----------
[0.013156492593887134, 70.43788238136592, 173.0, 501.0, 7.0, 0.9888101248809598, 0.8060852010382147, 56.79624519491367, 1.315588201155364, 95.0, 4.092358436717025, 32.0]
ntrees:  782
auc: 0.8580727098995643
-----------
[0.0750338692835922, 6.507224524249229, 123.0, 607.0, 13.0, 0.9179715093465077, 0.41817139673106885, 56.79624519491367, 2.0424778803275974, 95.0, 0.9172572081353658, 45.0]
ntrees:  290
auc: 0.8566353759348889
-----------
[0.013156492593887134, 5.174045074918895, 306.0, 1899.0, 12.0, 0.9638178867024068, 0.7554975891702108, 13.59002239949685, 4.3293546609116405, 115.0, 1.9533530426450363, 35.0]
ntrees:  667
auc: 0.8596530657983742
-----------
[0.11481886094894807, 70.43788238136592, 173.0, 607.0, 13.0, 0.9179715093465077, 0.8732308566442311, 56.79624519491367, 2.0424778803275974, 95.0, 1.2364351473329809, 45.0]
ntrees:  82
auc: 0.8556898726666076
-----------
[0.028094214448375836, 70.43788238136592, 173.0, 607.0, 13.0, 0.9888101248809598, 0.8060852010382147, 56.79624519491367, 2.0424778803275974, 95.0, 1.2294920531486246, 49.0]
ntrees:  436
auc: 0.8578173897779063
-----------
[0.028094214448375836, 6.507224524249229, 123.0, 501.0, 1.8200000000000005, 0.9179715093465077, 0.8732308566442311, 60.41875855808085, 2.0424778803275974, 95.0, 3.0988298491042223, 5.0]
ntrees:  437
auc: 0.8580808991774722
-----------
[0.028094214448375836, 6.507224524249229, 123.0, 501.0, 7.0, 0.9888101248809598, 0.8060852010382147, 56.79624519491367, 2.0424778803275974, 95.0, 4.092358436717025, 32.0]
ntrees:  350
auc: 0.8580895990570717
-----------
[0.0750338692835922, 6.507224524249229, 123.0, 501.0, 4.300000000000001, 0.9888101248809598, 0.8060852010382147, 56.79624519491367, 2.0424778803275974, 95.0, 1.2294920531486246, 49.0]
ntrees:  126
auc: 0.8577407648246178
-----------
[0.052492298949078205, 5.174045074918895, 306.0, 830.9, 12.0, 0.9638178867024068, 0.7554975891702108, 13.59002239949685, 4.3293546609116405, 115.0, 1.9533530426450363, 35.0]
ntrees:  172
auc: 0.8590442103790874
-----------
[0.028094214448375836, 8.766605508907341, 123.0, 501.0, 4.300000000000001, 0.9888101248809598, 0.8060852010382147, 56.79624519491367, 2.0424778803275974, 95.0, 1.2294920531486246, 49.0]
ntrees:  360
auc: 0.858303091151112
-----------
[0.013156492593887134, 36.78183937782555, 173.0, 607.0, 13.0, 0.9179715093465077, 0.8732308566442311, 31.28157604958705, 0.19271726502908093, 27.8, 4.510839637794143, 43.0]
ntrees:  644
auc: 0.8582488138241067
-----------
[0.013156492593887134, 70.43788238136592, 173.0, 607.0, 13.0, 0.9179715093465077, 0.8732308566442311, 60.41875855808085, 0.19271726502908093, 65.0, 3.4143119743501202, 9.0]
ntrees:  677
auc: 0.8579474470404618
-----------
[0.1738099015694917, 3.0992969490881968, 308.0, 607.0, 13.0, 0.9179715093465077, 0.8732308566442311, 56.79624519491367, 2.0424778803275974, 95.0, 1.8974418751244495, 45.0]
ntrees:  57
auc: 0.8558714214022916
-----------
[0.028094214448375836, 70.43788238136592, 173.0, 607.0, 13.0, 0.9179715093465077, 0.8060852010382147, 56.79624519491367, 2.0424778803275974, 95.0, 1.2294920531486246, 49.0]
ntrees:  392
auc: 0.8576768749897499
-----------
[0.028094214448375836, 6.507224524249229, 123.0, 501.0, 4.300000000000001, 0.4492856897019671, 0.8732308566442311, 60.41875855808085, 0.19271726502908093, 65.0, 4.510839637794143, 43.0]
ntrees:  392
auc: 0.8546295997924412
-----------
[0.028094214448375836, 6.507224524249229, 123.0, 501.0, 13.0, 0.9179715093465077, 0.8732308566442311, 60.41875855808085, 0.19271726502908093, 65.0, 3.4143119743501202, 9.0]
ntrees:  386
auc: 0.8581504488013147
-----------
[0.1738099015694917, 3.2271021704997125, 308.0, 607.0, 4.300000000000001, 0.9888101248809598, 0.8060852010382147, 56.79624519491367, 2.0424778803275974, 95.0, 1.2294920531486246, 49.0]
ntrees:  56
auc: 0.8561649399668069
-----------
[0.013156492593887134, 70.43788238136592, 308.0, 607.0, 13.0, 0.9179715093465077, 0.8732308566442311, 60.41875855808085, 0.19271726502908093, 65.0, 4.510839637794143, 22.0]
ntrees:  732
auc: 0.858381977771398
-----------
[0.09996174653318618, 11.228698080941566, 173.0, 607.0, 13.0, 0.9179715093465077, 0.8732308566442311, 56.79624519491367, 2.0424778803275974, 95.0, 1.8974418751244495, 45.0]
ntrees:  88
auc: 0.8571520473023313
-----------
[0.028094214448375836, 70.43788238136592, 173.0, 607.0, 13.0, 0.9179715093465077, 0.8732308566442311, 60.41875855808085, 2.0424778803275974, 95.0, 4.092358436717025, 32.0]
ntrees:  384
auc: 0.8575298673776471
-----------
[0.0750338692835922, 6.507224524249229, 123.0, 501.0, 7.0, 0.9888101248809598, 0.8060852010382147, 56.79624519491367, 2.0424778803275974, 48.2, 3.0988298491042223, 5.0]
ntrees:  139
auc: 0.8574941864210792
-----------
[0.028094214448375836, 70.43788238136592, 173.0, 329.5, 7.1000000000000005, 0.4534103944262874, 0.8732308566442311, 60.41875855808085, 2.0424778803275974, 95.0, 1.9533530426450363, 35.0]
ntrees:  328
auc: 0.8532610318188553
-----------
[0.11481886094894807, 5.174045074918895, 306.0, 1899.0, 12.0, 0.4334145630423477, 0.7554975891702108, 13.59002239949685, 4.3293546609116405, 115.0, 3.0988298491042223, 5.0]
ntrees:  67
auc: 0.8546118938453435
-----------
[0.028094214448375836, 6.507224524249229, 123.0, 501.0, 4.300000000000001, 0.9179715093465077, 0.8732308566442311, 60.41875855808085, 0.19271726502908093, 65.0, 4.510839637794143, 22.0]
ntrees:  345
auc: 0.8579886295789795
-----------
[0.09996174653318618, 11.228698080941566, 308.0, 607.0, 13.0, 0.9888101248809598, 0.8060852010382147, 56.79624519491367, 2.0424778803275974, 95.0, 1.2294920531486246, 49.0]
ntrees:  102
auc: 0.8576839439396056
-----------
[0.0750338692835922, 6.507224524249229, 123.0, 501.0, 12.0, 0.9638178867024068, 0.7554975891702108, 13.59002239949685, 4.3293546609116405, 49.4, 1.9533530426450363, 35.0]
ntrees:  117
auc: 0.8584186839855803
-----------
[0.11481886094894807, 5.174045074918895, 306.0, 1899.0, 7.0, 0.9888101248809598, 0.8060852010382147, 56.79624519491367, 2.0424778803275974, 95.0, 4.092358436717025, 32.0]
ntrees:  84
auc: 0.8570594818930937
-----------
[0.013156492593887134, 6.507224524249229, 123.0, 501.0, 2.2600000000000002, 0.9888101248809598, 0.8060852010382147, 56.79624519491367, 2.0424778803275974, 95.0, 1.1964640590610198, 45.0]
ntrees:  760
auc: 0.8582731981614489
-----------
[0.1738099015694917, 70.43788238136592, 173.0, 607.0, 13.0, 0.9179715093465077, 0.8732308566442311, 56.79624519491367, 2.0424778803275974, 95.0, 1.8974418751244495, 45.0]
ntrees:  47
auc: 0.854709093104408
-----------
[0.013156492593887134, 70.43788238136592, 173.0, 607.0, 13.0, 0.9888101248809598, 0.8060852010382147, 56.79624519491367, 2.0424778803275974, 95.0, 3.4143119743501202, 9.0]
ntrees:  884
auc: 0.8580740770146271
-----------
[0.15589950721436263, 6.507224524249229, 123.0, 501.0, 3.4000000000000004, 0.9179715093465077, 0.8732308566442311, 56.79624519491367, 2.0424778803275974, 95.0, 1.8974418751244495, 45.0]
ntrees:  60
auc: 0.8565321975415662
-----------
[0.15589950721436263, 6.507224524249229, 173.0, 607.0, 13.0, 0.9179715093465077, 0.8732308566442311, 56.79624519491367, 2.0424778803275974, 95.0, 1.8974418751244495, 45.0]
ntrees:  65
auc: 0.8565385718398832
-----------
[0.013156492593887134, 70.43788238136592, 123.0, 501.0, 3.4000000000000004, 0.9888101248809598, 0.8060852010382147, 56.79624519491367, 2.0424778803275974, 95.0, 4.092358436717025, 32.0]
ntrees:  885
auc: 0.8579857764723802
-----------
[0.1738099015694917, 3.0992969490881968, 308.0, 607.0, 13.0, 0.9179715093465077, 0.8732308566442311, 28.298290313764106, 2.0424778803275974, 95.0, 1.101440606833996, 45.0]
ntrees:  53
auc: 0.8575734561176874
-----------
[0.013156492593887134, 70.43788238136592, 173.0, 607.0, 13.0, 0.9179715093465077, 0.8732308566442311, 56.79624519491367, 0.19271726502908093, 65.0, 4.510839637794143, 43.0]
ntrees:  732
auc: 0.8579659802415749
-----------
[0.15589950721436263, 6.507224524249229, 123.0, 607.0, 13.0, 0.9179715093465077, 0.8732308566442311, 56.79624519491367, 2.0424778803275974, 95.0, 1.8974418751244495, 45.0]
ntrees:  65
auc: 0.8566696695120933
-----------
[0.013156492593887134, 70.43788238136592, 173.0, 501.0, 7.0, 0.9888101248809598, 0.8060852010382147, 56.79624519491367, 0.8239801715345461, 53.10000000000001, 3.0008269407149397, 21.0]
ntrees:  826
auc: 0.8581724479722652
-----------
[0.4770291659104531, 14.56383791496163, 279.0, 1079.0, 12.0, 0.8679076099274967, 0.4097775619277105, 36.125934575786054, 4.923705619098926, 105.0, 3.927349111049526, 14.0]
ntrees:  40
auc: 0.8473758087564172
-----------
[0.08655670029895467, 74.71719613290426, 278.0, 664.0, 16.0, 0.4859451519669724, 0.5120997103771167, 74.94959529727943, 0.2059253532574512, 10.0, 3.993608829788017, 33.0]
ntrees:  164
auc: 0.8506550420898581
-----------
[0.3103284894462246, 57.21553686490389, 98.0, 123.0, 15.0, 0.508022568879104, 0.8870864219106283, 12.412537658215106, 2.615182686729684, 75.0, 1.0808502877417263, 10.0]
ntrees:  20
auc: 0.8430056101543448
-----------
[0.05157393402118878, 65.02977613530156, 232.0, 966.0, 13.0, 0.743150379169942, 0.8123122067693472, 31.825260576122627, 4.87608618960828, 69.0, 4.726625931457312, 19.0]
ntrees:  163
auc: 0.8557585384719826
-----------
[0.013156492593887134, 5.174045074918895, 306.0, 1899.0, 12.0, 0.9638178867024068, 0.7554975891702108, 13.59002239949685, 4.3293546609116405, 115.0, 1.0843421763138053, 35.0]
ntrees:  686
auc: 0.8597007023548693
-----------
[0.052492298949078205, 5.174045074918895, 306.0, 830.9, 12.0, 0.9638178867024068, 0.4013041149170978, 13.59002239949685, 4.3293546609116405, 115.0, 1.9533530426450363, 35.0]
ntrees:  361
auc: 0.8578326538554695
-----------
[0.013156492593887134, 5.174045074918895, 306.0, 1899.0, 12.0, 0.42875003599804384, 0.7554975891702108, 13.59002239949685, 4.3293546609116405, 49.4, 1.9533530426450363, 35.0]
ntrees:  625
auc: 0.8570571590079702
-----------
[0.0750338692835922, 6.507224524249229, 123.0, 501.0, 12.0, 0.9638178867024068, 0.7554975891702108, 13.59002239949685, 4.3293546609116405, 115.0, 1.9533530426450363, 35.0]
ntrees:  117
auc: 0.8582846374974384
-----------
[0.013156492593887134, 5.174045074918895, 306.0, 607.0, 13.0, 0.9179715093465077, 0.8732308566442311, 60.41875855808085, 0.19271726502908093, 65.0, 4.510839637794143, 22.0]
ntrees:  740
auc: 0.8583193300305672
-----------
[0.013156492593887134, 70.43788238136592, 308.0, 1899.0, 12.0, 0.9638178867024068, 0.7554975891702108, 13.59002239949685, 4.3293546609116405, 115.0, 1.9533530426450363, 35.0]
ntrees:  900
auc: 0.8585896809524243
-----------
[0.013156492593887134, 5.174045074918895, 306.0, 1899.0, 12.0, 0.9638178867024068, 0.7554975891702108, 10.403316240060207, 4.3293546609116405, 115.0, 1.9533530426450363, 35.0]
ntrees:  738
auc: 0.8598315683163962
-----------
[0.013156492593887134, 5.174045074918895, 152.60000000000002, 1899.0, 12.0, 0.9638178867024068, 0.7554975891702108, 13.59002239949685, 4.3293546609116405, 95.0, 1.2294920531486246, 49.0]
ntrees:  709
auc: 0.8593949697227284
-----------
[0.028094214448375836, 8.766605508907341, 123.0, 501.0, 4.300000000000001, 0.9888101248809598, 0.8060852010382147, 56.79624519491367, 2.0424778803275974, 115.0, 1.9533530426450363, 35.0]
ntrees:  366
auc: 0.858221095463354
-----------
[0.013156492593887134, 5.174045074918895, 306.0, 1899.0, 12.0, 0.9638178867024068, 0.7554975891702108, 13.59002239949685, 4.3293546609116405, 95.0, 1.1964640590610198, 45.0]
ntrees:  674
auc: 0.8598734782419701
-----------
[0.013156492593887134, 6.507224524249229, 123.0, 501.0, 2.2600000000000002, 0.9888101248809598, 0.8060852010382147, 56.79624519491367, 2.0424778803275974, 115.0, 1.1337066090146333, 35.0]
ntrees:  770
auc: 0.858432225402464
-----------
[0.013156492593887134, 5.174045074918895, 306.0, 824.0, 12.0, 0.9638178867024068, 0.3766942987813019, 13.59002239949685, 4.3293546609116405, 115.0, 4.510839637794143, 43.0]
ntrees:  1371
auc: 0.8589023462030696
-----------
[0.013156492593887134, 36.78183937782555, 173.0, 607.0, 13.0, 0.9179715093465077, 0.8732308566442311, 31.28157604958705, 0.19271726502908093, 27.8, 1.9533530426450363, 35.0]
ntrees:  589
auc: 0.8580728879676365
-----------
[0.013156492593887134, 5.174045074918895, 306.0, 1899.0, 12.0, 0.9638178867024068, 0.7554975891702108, 13.59002239949685, 4.3293546609116405, 115.0, 1.470070408106709, 21.0]
ntrees:  707
auc: 0.8597346905871504
-----------
[0.013156492593887134, 34.52203931325745, 173.0, 501.0, 7.0, 0.9888101248809598, 0.8060852010382147, 56.79624519491367, 0.8239801715345461, 53.10000000000001, 1.9533530426450363, 35.0]
ntrees:  689
auc: 0.8583749673755026
-----------
[0.013156492593887134, 5.174045074918895, 306.0, 1899.0, 12.0, 0.9638178867024068, 0.7554975891702108, 13.59002239949685, 4.3293546609116405, 65.0, 3.4143119743501202, 9.0]
ntrees:  724
auc: 0.8598983967512883
-----------
[0.02105884360513909, 6.507224524249229, 123.0, 501.0, 13.0, 0.9179715093465077, 0.8732308566442311, 60.41875855808085, 0.19271726502908093, 115.0, 1.9533530426450363, 17.5]
ntrees:  437
auc: 0.8582127374007001
-----------
[0.013156492593887134, 70.43788238136592, 173.0, 607.0, 13.0, 0.9179715093465077, 0.7554975891702108, 13.59002239949685, 4.3293546609116405, 115.0, 1.9533530426450363, 35.0]
ntrees:  671
auc: 0.8580777312569887
-----------
[0.013156492593887134, 5.174045074918895, 306.0, 1899.0, 12.0, 0.9638178867024068, 0.39351739127515106, 25.515046933265555, 2.0424778803275974, 95.0, 3.0988298491042223, 5.0]
ntrees:  1710
auc: 0.8590585098969965
-----------
[0.013156492593887134, 12.40766807619845, 98.30000000000001, 501.0, 7.0, 0.9888101248809598, 0.8060852010382147, 56.79624519491367, 2.0424778803275974, 95.0, 4.092358436717025, 32.0]
ntrees:  829
auc: 0.8583932635326483
-----------
[0.028094214448375836, 5.174045074918895, 306.0, 1899.0, 12.0, 0.9638178867024068, 0.7554975891702108, 13.59002239949685, 4.3293546609116405, 115.0, 1.9533530426450363, 35.0]
ntrees:  317
auc: 0.8593753405804982
-----------
[0.013156492593887134, 5.174045074918895, 306.0, 1899.0, 12.0, 0.9638178867024068, 0.7554975891702108, 13.59002239949685, 4.3293546609116405, 95.0, 3.0988298491042223, 5.0]
ntrees:  758
auc: 0.8597818889298751
-----------
[0.028094214448375836, 6.507224524249229, 123.0, 501.0, 1.8200000000000005, 0.9179715093465077, 0.8732308566442311, 60.41875855808085, 2.0424778803275974, 115.0, 1.9533530426450363, 35.0]
ntrees:  392
auc: 0.8580466655114602
-----------
[0.013156492593887134, 5.174045074918895, 306.0, 1899.0, 12.0, 0.9638178867024068, 0.7554975891702108, 13.59002239949685, 4.3293546609116405, 115.0, 3.4143119743501202, 9.0]
ntrees:  723
auc: 0.8598594907779468
-----------
[0.013156492593887134, 70.43788238136592, 173.0, 607.0, 13.0, 0.9888101248809598, 0.4078669565327476, 56.79624519491367, 2.0424778803275974, 95.0, 1.9533530426450363, 35.0]
ntrees:  1808
auc: 0.8566244749172277
-----------
[0.013156492593887134, 70.43788238136592, 173.0, 501.0, 7.0, 0.9888101248809598, 0.8060852010382147, 56.79624519491367, 4.3293546609116405, 115.0, 1.9533530426450363, 35.0]
ntrees:  875
auc: 0.8580095634558118
-----------
[0.013156492593887134, 5.174045074918895, 306.0, 1899.0, 12.0, 0.9638178867024068, 0.3764516744280273, 13.59002239949685, 1.315588201155364, 95.0, 4.092358436717025, 32.0]
ntrees:  1271
auc: 0.8580452922268108
-----------
[0.013156492593887134, 70.43788238136592, 173.0, 607.0, 13.0, 0.9179715093465077, 0.8732308566442311, 56.79624519491367, 2.0424778803275974, 95.0, 1.9533530426450363, 35.0]
ntrees:  779
auc: 0.8579308644708158
-----------
[0.03797835051332545, 5.174045074918895, 306.0, 1899.0, 12.0, 0.9638178867024068, 0.7554975891702108, 13.59002239949685, 4.3293546609116405, 115.0, 1.8974418751244495, 45.0]
ntrees:  261
auc: 0.8592248051755
-----------
[0.013156492593887134, 5.174045074918895, 306.0, 1899.0, 12.0, 0.9179715093465077, 0.8732308566442311, 60.41875855808085, 0.19271726502908093, 65.0, 4.510839637794143, 22.0]
ntrees:  717
auc: 0.8583947194948959
-----------
[0.028094214448375836, 6.507224524249229, 123.0, 501.0, 4.300000000000001, 0.9638178867024068, 0.7554975891702108, 13.59002239949685, 4.3293546609116405, 115.0, 1.9533530426450363, 35.0]
ntrees:  339
auc: 0.858968205617861
-----------
[0.013156492593887134, 5.174045074918895, 306.0, 1899.0, 12.0, 0.4407135962150546, 0.8060852010382147, 56.79624519491367, 2.0424778803275974, 95.0, 4.092358436717025, 32.0]
ntrees:  1035
auc: 0.8556786197047129
-----------
[0.013156492593887134, 70.43788238136592, 123.0, 501.0, 3.4000000000000004, 0.9638178867024068, 0.7554975891702108, 13.59002239949685, 4.3293546609116405, 115.0, 1.9533530426450363, 35.0]
ntrees:  805
auc: 0.8581998990328575
-----------
[0.013156492593887134, 5.174045074918895, 306.0, 1899.0, 12.0, 0.9638178867024068, 0.7554975891702108, 13.59002239949685, 4.3293546609116405, 65.0, 4.510839637794143, 43.0]
ntrees:  683
auc: 0.8598346426350421
-----------
[0.013156492593887134, 70.43788238136592, 173.0, 607.0, 13.0, 0.9179715093465077, 0.8732308566442311, 56.79624519491367, 0.19271726502908093, 115.0, 1.9533530426450363, 35.0]
ntrees:  717
auc: 0.8580878020269024
-----------
[0.036972524617171716, 5.174045074918895, 306.0, 607.0, 13.0, 0.9179715093465077, 0.8732308566442311, 60.41875855808085, 0.19271726502908093, 65.0, 3.4143119743501202, 9.0]
ntrees:  298
auc: 0.8581124197366161
-----------
[0.013156492593887134, 70.43788238136592, 173.0, 1899.0, 12.0, 0.9638178867024068, 0.7554975891702108, 13.59002239949685, 4.3293546609116405, 115.0, 1.9533530426450363, 35.0]
ntrees:  804
auc: 0.858143404077385
-----------
[0.028094214448375836, 6.507224524249229, 123.0, 1899.0, 12.0, 0.9638178867024068, 0.7554975891702108, 13.59002239949685, 4.3293546609116405, 115.0, 1.9533530426450363, 35.0]
ntrees:  342
auc: 0.8590208783231418
-----------
[0.013156492593887134, 5.174045074918895, 306.0, 501.0, 4.300000000000001, 0.9888101248809598, 0.8060852010382147, 56.79624519491367, 2.0424778803275974, 95.0, 1.2294920531486246, 49.0]
ntrees:  727
auc: 0.858320877328522
-----------
[0.013156492593887134, 70.43788238136592, 173.0, 435.6, 13.0, 0.9888101248809598, 0.8060852010382147, 56.79624519491367, 2.0424778803275974, 95.0, 1.2294920531486246, 49.0]
ntrees:  788
auc: 0.8581165830356339
-----------
[0.028094214448375836, 5.174045074918895, 306.0, 1899.0, 12.0, 0.9638178867024068, 0.7554975891702108, 15.427402766138002, 4.3293546609116405, 115.0, 1.9533530426450363, 35.0]
ntrees:  342
auc: 0.8593375976464921
-----------
[0.4935610476889873, 53.725953202253336, 143.0, 690.0, 5.0, 0.5846610446843972, 0.5204049928759407, 39.88403008108672, 3.940443383808657, 55.0, 4.89884060206367, 22.0]
ntrees:  22
auc: 0.841552006792751
-----------
[0.2451091335756678, 21.984221685225414, 388.0, 619.0, 2.0, 0.7454334732296302, 0.8026975731377286, 50.02870192593454, 1.9976309499091753, 30.0, 4.641249813314977, 42.0]
ntrees:  33
auc: 0.8525765088355504
-----------
[0.34890231805676664, 69.15571102162644, 357.0, 782.0, 16.0, 0.7991110064947294, 0.7160664149926919, 86.03096458606073, 1.6333255592824125, 41.0, 2.80969445524443, 31.0]
ntrees:  25
auc: 0.8497444769736033
-----------
[0.4387846203464598, 34.0049402526043, 337.0, 934.0, 13.0, 0.5916685189271251, 0.5760505656591369, 55.81886882555588, 2.165644160317657, 93.0, 4.414134171482981, 11.0]
ntrees:  22
auc: 0.8446115508251613
