-----------
[5.0, 1.0, 0.0, 0.8, 0.8, 1.0, 0.01, 0.0, 1.0]
ntrees:  1654
      train-auc-mean  train-auc-std  test-auc-mean  test-auc-std
1653        0.821704       0.000596       0.765794      0.004291
-----------
[6.0, 18.0, 2.3710583768252516, 0.9638724590774445, 0.8702175708821471, 9.105175769093059, 0.07773729666202595, 38.51610282001586, 2.5837501160011773]
ntrees:  183
     train-auc-mean  train-auc-std  test-auc-mean  test-auc-std
182        0.827816        0.00097       0.764292      0.003343
-----------
[5.0, 6.0, 0.3522246761648351, 0.9582033614254951, 0.6216384219140685, 9.385678992290256, 0.26360729487916956, 88.9588061668799, 3.5968835345979295]
ntrees:  66
    train-auc-mean  train-auc-std  test-auc-mean  test-auc-std
65        0.797592       0.000979       0.762413      0.003331
-----------
[5.0, 11.0, 1.1318386389708446, 0.8446967035373478, 0.6922509034034063, 9.29440987628064, 0.10960233213968056, 57.96760788896438, 2.4616238594173536]
ntrees:  144
     train-auc-mean  train-auc-std  test-auc-mean  test-auc-std
143        0.802143       0.001104        0.76413      0.003784
-----------
[15.0, 7.0, 1.7906510643287121, 0.7937303720303082, 0.8262226140483806, 7.083107846616784, 0.2284841309753527, 1.2989985705494034, 5.359087864641915]
ntrees:  15
    train-auc-mean  train-auc-std  test-auc-mean  test-auc-std
14        0.962804       0.001322       0.738931      0.004354
-----------
[10.0, 5.0, 1.592672013574462, 0.8236843586990883, 0.8801968861358348, 1.7774991627888381, 0.4647211722926565, 27.706477003295106, 3.05272130020127]
ntrees:  15
    train-auc-mean  train-auc-std  test-auc-mean  test-auc-std
14        0.809662       0.001356       0.755606      0.003492
-----------
[12.0, 14.0, 8.314381789898986, 0.5776877611530149, 0.9559174640523442, 6.75883616215307, 0.05142769564470983, 14.637658340070026, 9.841575914609159]
ntrees:  88
    train-auc-mean  train-auc-std  test-auc-mean  test-auc-std
87        0.861853       0.000753       0.761918      0.004215
-----------
[18.0, 11.0, 2.8595532713828122, 0.4955516532248319, 0.4702465565005017, 1.9526344231372044, 0.26462970133995445, 67.78160755836046, 4.229189253826133]
ntrees:  132
     train-auc-mean  train-auc-std  test-auc-mean  test-auc-std
131         0.79137       0.001319       0.761396      0.004231
-----------
[16.0, 15.0, 8.367657893578071, 0.4756325157676298, 0.6587309221702732, 8.172691252020202, 0.26381299225205396, 74.98853666908762, 5.419545990703705]
ntrees:  24
    train-auc-mean  train-auc-std  test-auc-mean  test-auc-std
23        0.793792       0.001351       0.756316      0.004164
-----------
[2.0, 12.0, 6.0765813019107675, 0.9928659361790761, 0.665935527709697, 8.441328009789789, 0.09199884530593669, 1.2368726439840105, 6.789644307640253]
ntrees:  740
     train-auc-mean  train-auc-std  test-auc-mean  test-auc-std
739        0.782112       0.000828       0.763223      0.003968
-----------
[12.0, 1.0, 8.08005603445946, 0.6130696740753182, 0.62515803750622, 1.4101601826451522, 0.2717608479713259, 10.379948719847542, 2.564713197529862]
ntrees:  38
    train-auc-mean  train-auc-std  test-auc-mean  test-auc-std
37        0.791072       0.001252       0.760227      0.004388
-----------
[7.0, 3.0, 6.520293169281079, 0.827589103578788, 0.8929699732798174, 6.763097603101768, 0.032605985984949244, 48.45506032664658, 7.73270218203344]
ntrees:  336
     train-auc-mean  train-auc-std  test-auc-mean  test-auc-std
335        0.822702       0.000961        0.76493      0.003925
-----------
[15.0, 8.0, 5.432386111001506, 0.5992129181114265, 0.9778664041549834, 6.841354784384, 0.46123163223645003, 62.74772010685784, 9.058932907312368]
ntrees:  8
   train-auc-mean  train-auc-std  test-auc-mean  test-auc-std
7        0.797413       0.001461       0.749153      0.003422
-----------
[8.0, 4.0, 5.09908902214458, 0.44796511156130003, 0.7754216674750334, 5.298054145091989, 0.3434500948690122, 55.50536378864568, 2.8566543669053015]
ntrees:  22
    train-auc-mean  train-auc-std  test-auc-mean  test-auc-std
21        0.789938       0.000711       0.755111      0.002542
-----------
[15.0, 10.0, 0.970501918897847, 0.5029700045301738, 0.6600610846500299, 1.0798046222738908, 0.23799983481166467, 78.431516142208, 8.685882707676276]
ntrees:  328
     train-auc-mean  train-auc-std  test-auc-mean  test-auc-std
327        0.797042       0.001154       0.762046       0.00389
-----------
[11.0, 13.0, 1.584401149044078, 0.8303885157370245, 0.8477886662691902, 9.30467610555813, 0.3683832579382786, 4.577715123499415, 9.745804799755868]
ntrees:  8
   train-auc-mean  train-auc-std  test-auc-mean  test-auc-std
7         0.87522       0.001426       0.742088      0.005182
-----------
[15.0, 8.0, 8.503911038413847, 0.4149348975318146, 0.47790298797664377, 1.0491834974786483, 0.05936197982818285, 24.36210730739997, 3.2167529259060013]
ntrees:  2847
      train-auc-mean  train-auc-std  test-auc-mean  test-auc-std
2846        0.772349       0.001163       0.763511        0.0044
-----------
[9.0, 4.0, 3.487981510520405, 0.7104485263519196, 0.9109689692118036, 8.437602603447342, 0.006187680672228045, 8.39243380006388, 3.1552465643532255]
ntrees:  889
     train-auc-mean  train-auc-std  test-auc-mean  test-auc-std
888        0.890198       0.000978       0.763611      0.003527
-----------
[12.0, 18.0, 4.312607677398173, 0.43950070045651807, 0.8433854945969887, 9.314483934516701, 0.4136585351653386, 85.70328905043283, 3.690776549630211]
ntrees:  12
    train-auc-mean  train-auc-std  test-auc-mean  test-auc-std
11         0.78694       0.000861       0.752483      0.002731
-----------
[14.0, 2.0, 6.828356803668699, 0.7748185086420635, 0.7110563012738143, 2.7795278966315218, 0.28542285407042234, 79.27082592615989, 6.521512885863105]
ntrees:  85
    train-auc-mean  train-auc-std  test-auc-mean  test-auc-std
84        0.793307       0.001092       0.762373      0.004674
-----------
[9.0, 12.0, 2.788179168759487, 0.49667885269631223, 0.8367755416049889, 8.14951629937034, 0.45078805215135165, 1.4124873864943766, 9.134598913353553]
ntrees:  8
   train-auc-mean  train-auc-std  test-auc-mean  test-auc-std
7        0.814163       0.000982       0.739388      0.002833
-----------
[7.0, 15.0, 1.0586070095925049, 0.6448340553377386, 0.9309336388434816, 9.987061598811836, 0.3446313240306669, 88.78634475187678, 2.4363500662731985]
ntrees:  20
    train-auc-mean  train-auc-std  test-auc-mean  test-auc-std
19         0.79184       0.001777       0.759412      0.003452
-----------
[3.0, 6.0, 2.1529750895856137, 0.7090833447613227, 0.7497197058444949, 8.898932168352548, 0.05665513923711834, 95.80679593694059, 1.346369395081064]
ntrees:  670
     train-auc-mean  train-auc-std  test-auc-mean  test-auc-std
669        0.785023       0.000936        0.76512      0.004128
-----------
[9.0, 15.0, 8.743671365156127, 0.8595441468016665, 0.7369602657019676, 8.987227922366454, 0.004270934614252497, 72.3340737093716, 3.6061394135413773]
ntrees:  2329
      train-auc-mean  train-auc-std  test-auc-mean  test-auc-std
2328        0.829557        0.00046       0.765217      0.003748
-----------
[6.0, 12.0, 6.987022013361381, 0.9759250166565095, 0.407583809701451, 2.023344245301038, 0.026954485418627574, 16.608997102826372, 9.311629606262882]
ntrees:  683
     train-auc-mean  train-auc-std  test-auc-mean  test-auc-std
682        0.799699         0.0009       0.766311      0.004209
-----------
[5.0, 13.0, 1.2776856315814278, 0.5295215608106268, 0.5437097731491571, 9.485937239145906, 0.44687984163591354, 47.76988422312659, 1.5657040847360004]
ntrees:  24
    train-auc-mean  train-auc-std  test-auc-mean  test-auc-std
23        0.782062       0.000477       0.756687      0.004372
-----------
[4.0, 5.0, 4.9167231999798044, 0.4372259406626465, 0.603143664086536, 2.4755150174528815, 0.4888145080103726, 44.14740351035415, 1.1058068006618544]
ntrees:  52
    train-auc-mean  train-auc-std  test-auc-mean  test-auc-std
51        0.776857       0.001093       0.758987      0.004105
-----------
[10.0, 17.0, 0.568240826894203, 0.9327110127637892, 0.8041075987605275, 9.819706783298043, 0.08845954114960132, 44.70672119923091, 5.685100826196315]
ntrees:  66
    train-auc-mean  train-auc-std  test-auc-mean  test-auc-std
65        0.857397       0.001146       0.761865      0.003682
-----------
[2.0, 7.0, 0.22361670351697338, 0.6017991275495125, 0.4113304664707443, 6.61052440002457, 0.35540893393299544, 70.01775489663285, 8.743286481447685]
ntrees:  217
     train-auc-mean  train-auc-std  test-auc-mean  test-auc-std
216        0.776611       0.000865       0.762671      0.004214
-----------
[7.0, 7.0, 9.78203558769383, 0.6570948695750856, 0.6936174008415976, 2.1209158083086512, 0.22870231150156206, 81.58824039371434, 2.073165131212399]
ntrees:  658
     train-auc-mean  train-auc-std  test-auc-mean  test-auc-std
657        0.777903       0.001194       0.763237      0.004121
-----------
[15.0, 17.0, 0.24297648851503761, 0.4721381791003905, 0.5734251860672909, 4.033843511272234, 0.15889787215125226, 37.652774090899975, 8.50497077758999]
ntrees:  35
    train-auc-mean  train-auc-std  test-auc-mean  test-auc-std
34        0.808265        0.00056       0.758597      0.004037
-----------
[11.0, 17.0, 9.030561362293092, 0.625358140792627, 0.6864537003982281, 4.973235907550691, 0.42331941475050067, 81.809068112174, 5.778761014946098]
ntrees:  36
    train-auc-mean  train-auc-std  test-auc-mean  test-auc-std
35         0.79473       0.000567       0.758676      0.002676
-----------
[15.0, 5.0, 1.1027085639091394, 0.8469209099730701, 0.603023516058222, 1.4194302349941081, 0.07923918693088856, 50.19392006101321, 4.51185682094321]
ntrees:  252
     train-auc-mean  train-auc-std  test-auc-mean  test-auc-std
251        0.821008       0.000627       0.764597      0.004496
-----------
[11.0, 8.0, 4.798544348984462, 0.7869235259669909, 0.9429863983161063, 3.0615072141510136, 0.10310502798310187, 48.91710821153787, 5.670653542144846]
ntrees:  93
    train-auc-mean  train-auc-std  test-auc-mean  test-auc-std
92        0.819696       0.000777       0.762943       0.00405
-----------
[5.0, 17.0, 9.010390956686406, 0.7158922209437601, 0.8742872285409675, 2.1901927203622837, 0.4691637975935134, 34.481616400104265, 8.35251393530115]
ntrees:  63
    train-auc-mean  train-auc-std  test-auc-mean  test-auc-std
62        0.786154       0.001121       0.761798       0.00377
-----------
[1.0, 8.0, 7.1295205191159905, 0.6595333314655623, 0.9778713206644655, 9.296568021870595, 0.44852275672554226, 14.947536192454558, 2.429876008136863]
ntrees:  369
     train-auc-mean  train-auc-std  test-auc-mean  test-auc-std
368        0.768155        0.00115       0.759228      0.004428
-----------
[1.0, 15.0, 7.681234147738042, 0.45425034777073653, 0.9954281678648489, 2.477197875606718, 0.4395607864372313, 10.105804486482285, 5.016879836695855]
ntrees:  174
     train-auc-mean  train-auc-std  test-auc-mean  test-auc-std
173         0.76443       0.001134       0.758847      0.004012
-----------
[3.0, 12.0, 9.960251531628725, 0.5959824244882298, 0.8349170989533514, 7.0459864255470945, 0.2717246292881464, 53.633965864244196, 5.512480894865949]
ntrees:  131
     train-auc-mean  train-auc-std  test-auc-mean  test-auc-std
130        0.783665        0.00107        0.76263      0.004325
-----------
[15.0, 11.0, 3.686376254217718, 0.7435043397665394, 0.471186561047447, 3.0430275784726692, 0.004175369824674967, 88.78785129391818, 1.7790038472635472]
ntrees:  5000
      train-auc-mean  train-auc-std  test-auc-mean  test-auc-std
4999        0.800404       0.000852        0.76582      0.004153
-----------
[5.0, 8.0, 9.67704512294925, 0.5221640132799372, 0.636344901407036, 7.944439759209797, 0.06658581981967038, 66.68052089776796, 5.510989448154368]
ntrees:  291
     train-auc-mean  train-auc-std  test-auc-mean  test-auc-std
290        0.795572       0.000731       0.765018      0.003912
-----------
[4.0, 19.0, 8.666761611062325, 0.48715289291374175, 0.9804074309558434, 5.781673060193946, 0.02749830586489988, 36.88890785520162, 4.245403915530858]
ntrees:  729
     train-auc-mean  train-auc-std  test-auc-mean  test-auc-std
728        0.791768       0.000894       0.765402      0.004292
-----------
[15.0, 18.0, 6.111206940363031, 0.937222623485794, 0.5087190875115422, 1.3923436890255774, 0.16777673514746916, 92.73663488764021, 9.348011291398478]
ntrees:  672
     train-auc-mean  train-auc-std  test-auc-mean  test-auc-std
671        0.773999       0.001368       0.762577      0.004203
-----------
[8.0, 17.0, 6.837326594341061, 0.5820653052926839, 0.6833003497388062, 8.988344718508177, 0.433653018336413, 22.218683371002957, 1.6244755923048886]
ntrees:  9
   train-auc-mean  train-auc-std  test-auc-mean  test-auc-std
8         0.79761       0.001142       0.749039      0.003978
-----------
[3.0, 3.0, 4.64816752295262, 0.5608123459879953, 0.5825252220382532, 1.3459198617514105, 0.06164891615963697, 33.73954270212417, 9.855266034367398]
ntrees:  1097
      train-auc-mean  train-auc-std  test-auc-mean  test-auc-std
1096        0.779099        0.00121       0.765021      0.004305
-----------
[9.0, 2.0, 3.1008551671903897, 0.5401836817476234, 0.6503449595487818, 8.957427232881878, 0.4984791531462851, 17.036860503232177, 4.4187513206381945]
ntrees:  5
   train-auc-mean  train-auc-std  test-auc-mean  test-auc-std
4        0.797404       0.001532        0.74155      0.003905
-----------
[13.0, 1.0, 4.695706072384085, 0.9082018468931673, 0.9083102360466919, 6.554751852264707, 0.4175720431960178, 86.06779392529118, 5.808245894665145]
ntrees:  13
    train-auc-mean  train-auc-std  test-auc-mean  test-auc-std
12        0.813562       0.000857       0.754556      0.002732
-----------
[9.0, 14.0, 5.668040019026645, 0.9287272753697114, 0.769513684566302, 9.76178891103837, 0.23214649539897597, 72.48726481633685, 1.789484344613687]
ntrees:  32
    train-auc-mean  train-auc-std  test-auc-mean  test-auc-std
31        0.824254       0.000664       0.760948      0.003641
-----------
[15.0, 9.0, 7.8212489691743485, 0.4897339100300949, 0.5337355618835982, 1.1857916262200767, 0.1756211548981192, 10.602029167074722, 1.63500419583611]
ntrees:  169
     train-auc-mean  train-auc-std  test-auc-mean  test-auc-std
168        0.792125       0.001589       0.762751      0.004503
-----------
[7.0, 1.0, 1.8927415471370213, 0.6184441571942653, 0.7216923218199438, 7.4201766864615415, 0.022217904885936893, 36.281778973260636, 7.909915917177948]
ntrees:  416
     train-auc-mean  train-auc-std  test-auc-mean  test-auc-std
415        0.823419       0.000683       0.765318      0.003898
-----------
[18.0, 11.0, 5.979928771800758, 0.9371614031286, 0.5953577354782189, 4.8294803630207, 0.3936818930856947, 99.65123119512783, 2.1165059083802493]
ntrees:  30
    train-auc-mean  train-auc-std  test-auc-mean  test-auc-std
29        0.803325       0.001032       0.758514      0.003482
-----------
[6.0, 12.0, 3.2231839660193375, 0.9759250166565095, 0.471186561047447, 3.0430275784726692, 0.004175369824674967, 88.78785129391818, 1.7790038472635472]
ntrees:  5000
      train-auc-mean  train-auc-std  test-auc-mean  test-auc-std
4999         0.79441       0.000925       0.765895      0.004125
-----------
[15.0, 11.0, 3.686376254217718, 0.7435043397665394, 0.407583809701451, 2.023344245301038, 0.026954485418627574, 12.034315741026354, 9.311629606262882]
ntrees:  315
     train-auc-mean  train-auc-std  test-auc-mean  test-auc-std
314        0.843051       0.000425       0.764676      0.003633
-----------
[5.0, 1.0, 0.0, 0.8, 0.407583809701451, 2.023344245301038, 0.026954485418627574, 16.608997102826372, 9.311629606262882]
ntrees:  712
     train-auc-mean  train-auc-std  test-auc-mean  test-auc-std
711         0.80535       0.000799       0.766141      0.004377
-----------
[6.0, 12.0, 6.987022013361381, 0.9759250166565095, 0.8, 1.0, 0.01, 0.0, 1.0]
ntrees:  1603
      train-auc-mean  train-auc-std  test-auc-mean  test-auc-std
1602        0.815998       0.001302       0.765302      0.004078
-----------
[6.0, 12.0, 6.987022013361381, 0.9759250166565095, 0.9804074309558434, 5.781673060193946, 0.02749830586489988, 36.88890785520162, 4.245403915530858]
ntrees:  574
     train-auc-mean  train-auc-std  test-auc-mean  test-auc-std
573          0.8249        0.00076       0.765285      0.003814
-----------
[4.0, 19.0, 8.666761611062325, 0.48715289291374175, 0.407583809701451, 2.023344245301038, 0.026954485418627574, 16.608997102826372, 9.311629606262882]
ntrees:  1573
      train-auc-mean  train-auc-std  test-auc-mean  test-auc-std
1572        0.786509       0.001141        0.76581      0.004704
-----------
[6.0, 12.0, 6.987022013361381, 0.6184441571942653, 0.7216923218199438, 7.4201766864615415, 0.022217904885936893, 36.281778973260636, 7.909915917177948]
ntrees:  547
     train-auc-mean  train-auc-std  test-auc-mean  test-auc-std
546        0.812223       0.000587       0.765792      0.004051
-----------
[7.0, 1.0, 1.8927415471370213, 0.9759250166565095, 0.407583809701451, 2.023344245301038, 0.026954485418627574, 16.608997102826372, 9.311629606262882]
ntrees:  518
     train-auc-mean  train-auc-std  test-auc-mean  test-auc-std
517        0.826823       0.001086       0.766086      0.004089
-----------
[5.0, 11.0, 3.686376254217718, 0.7435043397665394, 0.471186561047447, 3.0430275784726692, 0.004175369824674967, 88.78785129391818, 1.7790038472635472]
ntrees:  5000
      train-auc-mean  train-auc-std  test-auc-mean  test-auc-std
4999        0.785095       0.000957       0.765528      0.004299
-----------
[15.0, 1.0, 0.0, 0.8, 0.8, 1.0, 0.01, 0.0, 1.0]
ntrees:  502
     train-auc-mean  train-auc-std  test-auc-mean  test-auc-std
501        0.992706       0.000121       0.756192      0.003481
-----------
[9.0, 12.0, 6.987022013361381, 0.9759250166565095, 0.407583809701451, 2.023344245301038, 0.026954485418627574, 15.382288349839179, 9.311629606262882]
ntrees:  596
     train-auc-mean  train-auc-std  test-auc-mean  test-auc-std
595        0.815728       0.000904       0.766286       0.00419
-----------
[6.0, 15.0, 8.743671365156127, 0.8595441468016665, 0.7369602657019676, 8.987227922366454, 0.004270934614252497, 72.3340737093716, 3.6061394135413773]
ntrees:  3380
      train-auc-mean  train-auc-std  test-auc-mean  test-auc-std
3379        0.809337       0.000848       0.765762      0.003926
-----------
[3.0, 6.0, 2.1529750895856137, 0.7090833447613227, 0.7497197058444949, 2.023344245301038, 0.026954485418627574, 16.608997102826372, 9.311629606262882]
ntrees:  1472
      train-auc-mean  train-auc-std  test-auc-mean  test-auc-std
1471        0.789557       0.000975       0.765847      0.004352
-----------
[6.0, 12.0, 6.987022013361381, 0.9759250166565095, 0.407583809701451, 8.898932168352548, 0.05665513923711834, 95.80679593694059, 1.346369395081064]
ntrees:  321
     train-auc-mean  train-auc-std  test-auc-mean  test-auc-std
320        0.803543       0.000728       0.765751      0.004189
-----------
[6.0, 12.0, 6.987022013361381, 0.9759250166565095, 0.23633064106851018, 2.023344245301038, 0.06164891615963697, 33.73954270212417, 9.855266034367398]
ntrees:  1035
      train-auc-mean  train-auc-std  test-auc-mean  test-auc-std
1034        0.790135       0.001179       0.765689      0.004616
-----------
[3.0, 3.0, 4.64816752295262, 0.5608123459879953, 0.5825252220382532, 1.3459198617514105, 0.026954485418627574, 16.608997102826372, 9.311629606262882]
ntrees:  1595
      train-auc-mean  train-auc-std  test-auc-mean  test-auc-std
1594         0.78317       0.001113       0.765751      0.004505
-----------
[6.0, 12.0, 6.987022013361381, 0.9759250166565095, 0.407583809701451, 7.944439759209797, 0.06658581981967038, 34.477784753062366, 5.510989448154368]
ntrees:  205
     train-auc-mean  train-auc-std  test-auc-mean  test-auc-std
204        0.814574       0.001099       0.765201      0.003868
-----------
[5.0, 8.0, 9.67704512294925, 0.5221640132799372, 0.636344901407036, 1.3567439404006842, 0.026954485418627574, 16.608997102826372, 9.311629606262882]
ntrees:  2888
      train-auc-mean  train-auc-std  test-auc-mean  test-auc-std
2887        0.782291       0.001184       0.765516      0.004309
-----------
[6.0, 12.0, 6.987022013361381, 0.9759250166565095, 0.407583809701451, 2.023344245301038, 0.012291901733646476, 16.608997102826372, 9.311629606262882]
ntrees:  1579
      train-auc-mean  train-auc-std  test-auc-mean  test-auc-std
1578         0.80061       0.000944        0.76627      0.004349
-----------
[7.0, 1.9000000000000004, 6.520293169281079, 0.827589103578788, 0.8929699732798174, 6.763097603101768, 0.032605985984949244, 48.45506032664658, 7.73270218203344]
ntrees:  387
     train-auc-mean  train-auc-std  test-auc-mean  test-auc-std
386        0.828757       0.000586       0.765008      0.003899
-----------
[4.0, 19.0, 4.293469260921268, 0.48715289291374175, 0.9804074309558434, 5.781673060193946, 0.02749830586489988, 36.88890785520162, 4.245403915530858]
ntrees:  734
     train-auc-mean  train-auc-std  test-auc-mean  test-auc-std
733        0.793007       0.000936       0.765513      0.004327
-----------
[15.0, 11.0, 3.686376254217718, 0.7435043397665394, 0.471186561047447, 1.3434575444380377, 0.004175369824674967, 88.78785129391818, 1.7790038472635472]
ntrees:  5000
      train-auc-mean  train-auc-std  test-auc-mean  test-auc-std
4999        0.773871       0.001144       0.762556      0.004385
-----------
[4.0, 9.3, 8.666761611062325, 0.48715289291374175, 0.9804074309558434, 2.473906208379145, 0.02749830586489988, 36.88890785520162, 4.245403915530858]
ntrees:  1485
      train-auc-mean  train-auc-std  test-auc-mean  test-auc-std
1484        0.788327       0.001013       0.765483       0.00421
-----------
[15.0, 11.0, 1.8927415471370213, 0.6184441571942653, 0.7216923218199438, 3.8942411083941746, 0.022217904885936893, 36.281778973260636, 7.909915917177948]
ntrees:  361
     train-auc-mean  train-auc-std  test-auc-mean  test-auc-std
360        0.858002       0.000509       0.763927      0.003912
-----------
[7.0, 1.0, 3.686376254217718, 0.7435043397665394, 0.471186561047447, 3.0430275784726692, 0.004175369824674967, 88.78785129391818, 1.7790038472635472]
ntrees:  5000
      train-auc-mean  train-auc-std  test-auc-mean  test-auc-std
4999        0.793132       0.000875       0.765879      0.004195
-----------
[5.0, 1.0, 1.8927415471370213, 0.6184441571942653, 0.3605064232172903, 7.4201766864615415, 0.022217904885936893, 36.281778973260636, 7.909915917177948]
ntrees:  819
     train-auc-mean  train-auc-std  test-auc-mean  test-auc-std
818        0.804065       0.000827       0.766199      0.004148
-----------
[7.0, 1.0, 0.0, 0.8, 0.8, 1.0, 0.01, 0.0, 1.0]
ntrees:  899
     train-auc-mean  train-auc-std  test-auc-mean  test-auc-std
898        0.857663       0.000928        0.76554       0.00412
-----------
[9.0, 15.0, 8.743671365156127, 0.8595441468016665, 0.7369602657019676, 3.0430275784726692, 0.010653284146753957, 88.78785129391818, 1.7790038472635472]
ntrees:  3651
      train-auc-mean  train-auc-std  test-auc-mean  test-auc-std
3650        0.792248        0.00103       0.765357      0.004097
-----------
[15.0, 11.0, 3.686376254217718, 0.7435043397665394, 0.471186561047447, 8.987227922366454, 0.004270934614252497, 72.3340737093716, 3.6061394135413773]
ntrees:  2238
      train-auc-mean  train-auc-std  test-auc-mean  test-auc-std
2237        0.850088       0.000183       0.764788       0.00375
-----------
[5.0, 1.7000000000000002, 0.0, 0.8, 0.40326817525270664, 1.0, 0.004270934614252497, 72.3340737093716, 3.6061394135413773]
ntrees:  5000
      train-auc-mean  train-auc-std  test-auc-mean  test-auc-std
4999        0.777491        0.00104       0.763896      0.004346
-----------
[9.0, 15.0, 8.743671365156127, 0.8595441468016665, 0.7369602657019676, 8.987227922366454, 0.01, 0.0, 1.0]
ntrees:  517
     train-auc-mean  train-auc-std  test-auc-mean  test-auc-std
516        0.890146       0.000868       0.762411       0.00325
-----------
[3.0, 11.0, 3.686376254217718, 0.7435043397665394, 0.471186561047447, 3.0430275784726692, 0.019603721883561704, 88.78785129391818, 1.7790038472635472]
ntrees:  2954
      train-auc-mean  train-auc-std  test-auc-mean  test-auc-std
2953         0.78134       0.001074       0.765348      0.004302
-----------
[15.0, 6.0, 2.1529750895856137, 0.7090833447613227, 0.7497197058444949, 8.898932168352548, 0.05665513923711834, 95.80679593694059, 1.346369395081064]
ntrees:  175
     train-auc-mean  train-auc-std  test-auc-mean  test-auc-std
174        0.853146       0.000243       0.762753      0.003991
-----------
[5.0, 1.0, 0.0, 0.8, 0.7497197058444949, 8.898932168352548, 0.05665513923711834, 95.80679593694059, 1.346369395081064]
ntrees:  287
     train-auc-mean  train-auc-std  test-auc-mean  test-auc-std
286        0.796726         0.0007       0.764959      0.003878
-----------
[3.0, 6.0, 2.1529750895856137, 0.7090833447613227, 0.8, 1.0, 0.01, 4.062984431909514, 1.0]
ntrees:  3549
      train-auc-mean  train-auc-std  test-auc-mean  test-auc-std
3548        0.790369       0.000978       0.765893      0.004198
-----------
[6.0, 5.0, 1.1027085639091394, 0.8469209099730701, 0.603023516058222, 1.4194302349941081, 0.07923918693088856, 50.19392006101321, 4.51185682094321]
ntrees:  332
     train-auc-mean  train-auc-std  test-auc-mean  test-auc-std
331        0.799846       0.000842       0.765776      0.004122
-----------
[15.0, 12.0, 6.987022013361381, 0.9759250166565095, 0.407583809701451, 2.023344245301038, 0.026954485418627574, 16.608997102826372, 9.311629606262882]
ntrees:  497
     train-auc-mean  train-auc-std  test-auc-mean  test-auc-std
496        0.818952        0.00071       0.765738      0.004064
-----------
[15.0, 11.0, 3.686376254217718, 0.7435043397665394, 0.5825252220382532, 1.3459198617514105, 0.06164891615963697, 33.73954270212417, 9.855266034367398]
ntrees:  355
     train-auc-mean  train-auc-std  test-auc-mean  test-auc-std
354        0.799229       0.001024        0.76529      0.004394
-----------
[3.0, 3.0, 4.64816752295262, 0.5608123459879953, 0.471186561047447, 3.0430275784726692, 0.004175369824674967, 88.78785129391818, 1.7790038472635472]
ntrees:  5000
      train-auc-mean  train-auc-std  test-auc-mean  test-auc-std
4999        0.772067       0.001068        0.76323      0.004293
-----------
[5.0, 8.0, 9.67704512294925, 0.5221640132799372, 0.636344901407036, 7.944439759209797, 0.06658581981967038, 66.68052089776796, 5.510989448154368]
ntrees:  291
     train-auc-mean  train-auc-std  test-auc-mean  test-auc-std
290        0.795572       0.000731       0.765018      0.003912
-----------
[17.0, 1.0, 6.06247821153579, 0.7298188205125491, 0.8784456023436076, 4.162378057349622, 0.0032848630047417242, 90.1805183666435, 8.976556848155436]
ntrees:  4384
      train-auc-mean  train-auc-std  test-auc-mean  test-auc-std
4383        0.812553       0.000798       0.765282      0.003919
-----------
[9.0, 9.0, 2.549117053569232, 0.937413343923132, 0.9498518238645763, 7.1451834407462895, 0.49231288514677624, 9.604783094008951, 1.2916292527257145]
ntrees:  6
   train-auc-mean  train-auc-std  test-auc-mean  test-auc-std
5        0.837798       0.001422       0.745961      0.002668
-----------
[16.0, 7.0, 2.741962329728689, 0.9866122346794882, 0.4709395466315165, 9.16834618596283, 0.0022354764762841997, 28.232327954051982, 8.421145345278484]
ntrees:  2379
      train-auc-mean  train-auc-std  test-auc-mean  test-auc-std
2378        0.917579       0.000395       0.763407        0.0037
-----------
[9.0, 9.0, 1.354718577888413, 0.9595987455463942, 0.9169151046997563, 3.4706328635677277, 0.4019064081175146, 96.68786964319325, 9.302996530929825]
ntrees:  35
    train-auc-mean  train-auc-std  test-auc-mean  test-auc-std
34        0.811616       0.001248       0.759843      0.004292
-----------
[8.0, 2.0, 5.82703094846472, 0.6403040329851512, 0.7669740552831017, 2.165977447214165, 0.004459710532210035, 30.628113836484072, 4.380114105005229]
ntrees:  3491
      train-auc-mean  train-auc-std  test-auc-mean  test-auc-std
3490        0.807932       0.000793        0.76605      0.003986
-----------
[6.0, 12.0, 3.2231839660193375, 0.9759250166565095, 0.407583809701451, 2.023344245301038, 0.026954485418627574, 15.382288349839179, 9.311629606262882]
ntrees:  638
     train-auc-mean  train-auc-std  test-auc-mean  test-auc-std
637        0.814258        0.00086       0.766288      0.004212
-----------
[9.0, 12.0, 6.987022013361381, 0.9759250166565095, 0.407583809701451, 2.023344245301038, 0.026954485418627574, 12.034315741026354, 9.311629606262882]
ntrees:  508
     train-auc-mean  train-auc-std  test-auc-mean  test-auc-std
507        0.819352       0.000976       0.766361      0.004096
-----------
[9.0, 12.0, 6.987022013361381, 0.9759250166565095, 0.407583809701451, 2.023344245301038, 0.012291901733646476, 16.608997102826372, 9.311629606262882]
ntrees:  1231
      train-auc-mean  train-auc-std  test-auc-mean  test-auc-std
1230        0.811926       0.000694       0.766379      0.004119
-----------
[6.0, 12.0, 6.987022013361381, 0.9759250166565095, 0.407583809701451, 2.023344245301038, 0.026954485418627574, 15.382288349839179, 9.311629606262882]
ntrees:  709
     train-auc-mean  train-auc-std  test-auc-mean  test-auc-std
708        0.801462       0.000797       0.766255      0.004222
-----------
[9.0, 12.0, 6.987022013361381, 0.6184441571942653, 0.3605064232172903, 7.4201766864615415, 0.022217904885936893, 36.281778973260636, 7.909915917177948]
ntrees:  445
     train-auc-mean  train-auc-std  test-auc-mean  test-auc-std
444        0.826865       0.000393       0.765315      0.004246
-----------
[5.0, 1.0, 1.8927415471370213, 0.9759250166565095, 0.407583809701451, 2.023344245301038, 0.026954485418627574, 15.382288349839179, 9.311629606262882]
ntrees:  761
     train-auc-mean  train-auc-std  test-auc-mean  test-auc-std
760        0.807133       0.000985       0.766396      0.004222
-----------
[5.0, 1.0, 1.8927415471370213, 0.6184441571942653, 0.3605064232172903, 7.4201766864615415, 0.022217904885936893, 23.251401098012884, 7.909915917177948]
ntrees:  702
     train-auc-mean  train-auc-std  test-auc-mean  test-auc-std
701        0.804207       0.000967       0.766012      0.004094
-----------
[5.0, 1.0, 0.0, 0.8, 0.23633064106851018, 2.023344245301038, 0.026954485418627574, 15.382288349839179, 9.311629606262882]
ntrees:  814
     train-auc-mean  train-auc-std  test-auc-mean  test-auc-std
813        0.803612       0.000916       0.766231      0.004457
-----------
[9.0, 12.0, 6.987022013361381, 0.9759250166565095, 0.407583809701451, 2.023344245301038, 0.026954485418627574, 16.608997102826372, 9.311629606262882]
ntrees:  583
     train-auc-mean  train-auc-std  test-auc-mean  test-auc-std
582         0.81257       0.000668       0.766149      0.004041
-----------
[5.0, 1.0, 0.0, 0.8, 0.407583809701451, 2.023344245301038, 0.012291901733646476, 14.449175235085729, 9.311629606262882]
ntrees:  1650
      train-auc-mean  train-auc-std  test-auc-mean  test-auc-std
1649        0.808759       0.000944       0.766601      0.004111
-----------
[6.0, 12.0, 6.987022013361381, 0.9759250166565095, 0.407583809701451, 1.3567439404006842, 0.026954485418627574, 16.608997102826372, 9.311629606262882]
ntrees:  1717
      train-auc-mean  train-auc-std  test-auc-mean  test-auc-std
1716        0.792753       0.000895       0.766019      0.004449
-----------
[6.0, 12.0, 1.8927415471370213, 0.9759250166565095, 0.407583809701451, 2.023344245301038, 0.012291901733646476, 16.608997102826372, 9.311629606262882]
ntrees:  1232
      train-auc-mean  train-auc-std  test-auc-mean  test-auc-std
1231        0.812563       0.001029       0.766462      0.004268
-----------
[7.0, 1.1, 6.987022013361381, 0.9759250166565095, 0.407583809701451, 2.023344245301038, 0.026954485418627574, 16.608997102826372, 9.311629606262882]
ntrees:  714
     train-auc-mean  train-auc-std  test-auc-mean  test-auc-std
713        0.807405       0.001041       0.766386      0.004168
-----------
[7.0, 12.0, 3.62157342184089, 0.9759250166565095, 0.407583809701451, 2.023344245301038, 0.026954485418627574, 15.382288349839179, 9.311629606262882]
ntrees:  551
     train-auc-mean  train-auc-std  test-auc-mean  test-auc-std
550        0.821308       0.000904       0.766241      0.004115
-----------
[9.0, 1.0, 1.8927415471370213, 0.9759250166565095, 0.407583809701451, 0.9355842111693851, 0.026954485418627574, 16.608997102826372, 9.311629606262882]
ntrees:  630
     train-auc-mean  train-auc-std  test-auc-mean  test-auc-std
629        0.815337       0.000505       0.766167        0.0043
-----------
[6.0, 6.500000000000001, 6.987022013361381, 0.9759250166565095, 0.407583809701451, 0.9705746824219814, 0.004459710532210035, 30.628113836484072, 4.380114105005229]
ntrees:  5000
      train-auc-mean  train-auc-std  test-auc-mean  test-auc-std
4999        0.773529       0.001287       0.762833       0.00435
-----------
[8.0, 2.0, 5.82703094846472, 0.6403040329851512, 0.7669740552831017, 2.165977447214165, 0.026954485418627574, 16.608997102826372, 9.311629606262882]
ntrees:  463
     train-auc-mean  train-auc-std  test-auc-mean  test-auc-std
462        0.821888        0.00065       0.765851      0.003915
-----------
[7.0, 1.0, 1.8927415471370213, 0.9759250166565095, 0.407583809701451, 1.7355081319299732, 0.012291901733646476, 16.608997102826372, 9.311629606262882]
ntrees:  1218
      train-auc-mean  train-auc-std  test-auc-mean  test-auc-std
1217        0.825034       0.000848       0.766476      0.004045
-----------
[5.0, 1.0, 0.0, 0.8, 0.2348630183698932, 2.023344245301038, 0.026954485418627574, 36.281778973260636, 7.909915917177948]
ntrees:  1107
      train-auc-mean  train-auc-std  test-auc-mean  test-auc-std
1106        0.798889         0.0008       0.766179      0.004495
-----------
[5.0, 1.0, 1.8927415471370213, 0.6184441571942653, 0.3605064232172903, 7.4201766864615415, 0.022217904885936893, 16.608997102826372, 9.311629606262882]
ntrees:  666
     train-auc-mean  train-auc-std  test-auc-mean  test-auc-std
665        0.804872       0.001033       0.765872      0.004097
-----------
[9.0, 12.0, 6.987022013361381, 0.9759250166565095, 0.7669740552831017, 2.165977447214165, 0.010767020429767984, 30.628113836484072, 4.380114105005229]
ntrees:  1616
      train-auc-mean  train-auc-std  test-auc-mean  test-auc-std
1615        0.814264       0.000544       0.765734      0.004046
-----------
[8.0, 2.0, 5.82703094846472, 0.6403040329851512, 0.407583809701451, 2.023344245301038, 0.026954485418627574, 15.382288349839179, 9.311629606262882]
ntrees:  563
     train-auc-mean  train-auc-std  test-auc-mean  test-auc-std
562        0.810468       0.000925       0.766068      0.003965
-----------
[6.0, 6.1000000000000005, 6.987022013361381, 0.6403040329851512, 0.39005779736594726, 2.165977447214165, 0.004459710532210035, 30.628113836484072, 4.380114105005229]
ntrees:  5000
      train-auc-mean  train-auc-std  test-auc-mean  test-auc-std
4999         0.78909       0.001025       0.766079       0.00422
-----------
[8.0, 2.0, 5.82703094846472, 0.9759250166565095, 0.407583809701451, 2.023344245301038, 0.012291901733646476, 16.608997102826372, 9.311629606262882]
ntrees:  1224
      train-auc-mean  train-auc-std  test-auc-mean  test-auc-std
1223        0.815586       0.000869       0.766307      0.004213
-----------
[7.0, 1.0, 1.8927415471370213, 0.6184441571942653, 0.3605064232172903, 7.4201766864615415, 0.026820735908066475, 36.281778973260636, 7.909915917177948]
ntrees:  425
     train-auc-mean  train-auc-std  test-auc-mean  test-auc-std
424        0.821367       0.000922       0.765667      0.004302
-----------
[5.0, 1.0, 1.8927415471370213, 0.9759250166565095, 0.407583809701451, 2.023344245301038, 0.026954485418627574, 16.608997102826372, 9.311629606262882]
ntrees:  721
     train-auc-mean  train-auc-std  test-auc-mean  test-auc-std
720         0.80468       0.000838       0.766273      0.004231
-----------
[5.0, 1.0, 1.8927415471370213, 0.6184441571942653, 0.3605064232172903, 7.4201766864615415, 0.022217904885936893, 30.628113836484072, 4.380114105005229]
ntrees:  879
     train-auc-mean  train-auc-std  test-auc-mean  test-auc-std
878        0.808738       0.000897        0.76617      0.004196
-----------
[8.0, 2.0, 5.82703094846472, 0.6403040329851512, 0.7669740552831017, 2.165977447214165, 0.004459710532210035, 18.57569602121377, 7.909915917177948]
ntrees:  2628
      train-auc-mean  train-auc-std  test-auc-mean  test-auc-std
2627        0.816757       0.000844        0.76616      0.003986
-----------
[7.0, 1.0, 0.0, 0.8, 0.407583809701451, 2.023344245301038, 0.026954485418627574, 16.608997102826372, 9.311629606262882]
ntrees:  454
     train-auc-mean  train-auc-std  test-auc-mean  test-auc-std
453        0.824049       0.000608       0.766046      0.004205
-----------
[6.0, 12.0, 6.987022013361381, 0.9759250166565095, 0.407583809701451, 2.023344245301038, 0.004175369824674967, 88.78785129391818, 1.7790038472635472]
ntrees:  5000
      train-auc-mean  train-auc-std  test-auc-mean  test-auc-std
4999        0.776397       0.001186       0.763437      0.004238
-----------
[6.0, 12.0, 3.2231839660193375, 0.9759250166565095, 0.471186561047447, 3.0430275784726692, 0.026954485418627574, 16.608997102826372, 9.311629606262882]
ntrees:  506
     train-auc-mean  train-auc-std  test-auc-mean  test-auc-std
505        0.815562       0.001289       0.766159      0.003907
-----------
[6.0, 12.0, 2.1529750895856137, 0.7090833447613227, 0.8, 1.0, 0.01, 4.062984431909514, 1.0]
ntrees:  1323
      train-auc-mean  train-auc-std  test-auc-mean  test-auc-std
1322        0.819165       0.001012       0.766366      0.004361
-----------
[3.0, 6.0, 6.987022013361381, 0.9759250166565095, 0.407583809701451, 2.023344245301038, 0.026954485418627574, 16.608997102826372, 9.311629606262882]
ntrees:  2422
      train-auc-mean  train-auc-std  test-auc-mean  test-auc-std
2421        0.785548       0.001485       0.765562      0.004361
-----------
[17.0, 1.0, 1.1823257771919415, 0.4041599725838197, 0.9272575211417085, 8.813216979915822, 0.045401958648339874, 99.57758471079596, 8.548908114272038]
ntrees:  200
     train-auc-mean  train-auc-std  test-auc-mean  test-auc-std
199        0.827839       0.000434       0.761797      0.003853
-----------
[9.0, 18.0, 8.61525174499594, 0.941083110199861, 0.7082479282817082, 5.890477272938312, 0.3374479177446476, 47.69278441011596, 5.824322059458013]
ntrees:  20
    train-auc-mean  train-auc-std  test-auc-mean  test-auc-std
19        0.810093       0.001065       0.759103      0.003484
-----------
[16.0, 17.0, 6.116234254718362, 0.45762869856405375, 0.9138761232154274, 6.617653166723814, 0.4183196022511886, 24.86128103583428, 8.016158990688066]
ntrees:  6
   train-auc-mean  train-auc-std  test-auc-mean  test-auc-std
5        0.794867       0.000677       0.744909      0.003597
-----------
[9.0, 19.0, 3.513753397055136, 0.569393967724312, 0.8296261434540716, 7.361668510412345, 0.46193279641280205, 3.5711956195505157, 3.4216829697114775]
ntrees:  7
   train-auc-mean  train-auc-std  test-auc-mean  test-auc-std
6        0.813639       0.002287       0.740745      0.004372
-----------
[8.0, 18.0, 6.827981600829211, 0.9801272178591595, 0.9095125381605869, 2.246230027433895, 0.33166942165580654, 29.776266435898624, 1.2121848808169218]
ntrees:  35
    train-auc-mean  train-auc-std  test-auc-mean  test-auc-std
34        0.805907       0.000894       0.760713      0.004295
-----------
[1.0, 17.0, 9.075940206625368, 0.5837686830189044, 0.8968638627443133, 4.395073550994903, 0.48033377496403934, 12.130037357993494, 1.909438008731096]
ntrees:  245
     train-auc-mean  train-auc-std  test-auc-mean  test-auc-std
244        0.766625       0.001159       0.759533      0.003784
-----------
[9.0, 7.0, 2.745147626186364, 0.9317704565436957, 0.7044858273138594, 6.176752632705454, 0.017164840501457498, 42.30384507764534, 9.796611622884143]
ntrees:  511
     train-auc-mean  train-auc-std  test-auc-mean  test-auc-std
510        0.852308       0.000808       0.764937      0.003954
-----------
[7.0, 14.0, 1.2955304969046277, 0.4194419501817143, 0.9261670299722385, 8.470447171144707, 0.26678223699554354, 25.496001628406116, 1.3841259796953553]
ntrees:  14
    train-auc-mean  train-auc-std  test-auc-mean  test-auc-std
13        0.787449       0.001098       0.755324      0.003408
-----------
[9.0, 2.0, 0.045788837770375235, 0.8947430230185656, 0.7110702135458347, 6.6478699311138465, 0.20504747296180742, 38.73614578849597, 5.675620609278383]
ntrees:  32
    train-auc-mean  train-auc-std  test-auc-mean  test-auc-std
31        0.841413       0.000844       0.760266      0.003526
-----------
[2.0, 2.0, 9.845949602139804, 0.9535331020619883, 0.9278495663730374, 5.3404164031016474, 0.1492146504855538, 21.209691707534194, 6.9756388953832]
ntrees:  525
     train-auc-mean  train-auc-std  test-auc-mean  test-auc-std
524        0.780661       0.001082       0.764088      0.003951
-----------
[12.0, 15.0, 0.024759047620925845, 0.6253409403336819, 0.7698696824007778, 4.941083217084414, 0.32421720005759674, 19.750412797123072, 9.869634415484441]
ntrees:  12
    train-auc-mean  train-auc-std  test-auc-mean  test-auc-std
11        0.835706        0.00056       0.750949      0.003331
-----------
[19.0, 10.0, 8.034196555461214, 0.9006358562844862, 0.8460321752273121, 4.392533613731616, 0.2074644910745153, 28.799070069805634, 2.6317645367297096]
ntrees:  26
    train-auc-mean  train-auc-std  test-auc-mean  test-auc-std
25        0.843975       0.001056       0.759226      0.004072
-----------
[7.0, 1.0, 1.1854717795295935, 0.9759250166565095, 0.407583809701451, 1.7355081319299732, 0.012291901733646476, 16.608997102826372, 9.311629606262882]
ntrees:  1139
      train-auc-mean  train-auc-std  test-auc-mean  test-auc-std
1138        0.825362       0.000807       0.766408      0.004106
-----------
[5.0, 1.0, 0.0, 0.8, 0.407583809701451, 2.023344245301038, 0.012291901733646476, 11.170386993930096, 9.311629606262882]
ntrees:  1700
      train-auc-mean  train-auc-std  test-auc-mean  test-auc-std
1699        0.812382       0.000894       0.766604      0.004225
-----------
[5.0, 1.0, 0.0, 0.8, 0.407583809701451, 2.023344245301038, 0.012291901733646476, 16.608997102826372, 9.311629606262882]
ntrees:  1612
      train-auc-mean  train-auc-std  test-auc-mean  test-auc-std
1611        0.806464       0.000874       0.766569      0.004153
-----------
[6.0, 12.0, 1.8927415471370213, 0.9759250166565095, 0.407583809701451, 2.023344245301038, 0.012291901733646476, 14.449175235085729, 9.311629606262882]
ntrees:  1210
      train-auc-mean  train-auc-std  test-auc-mean  test-auc-std
1209        0.813925       0.001021       0.766455      0.004213
-----------
[5.0, 1.0, 6.987022013361381, 0.9759250166565095, 0.407583809701451, 2.023344245301038, 0.026954485418627574, 16.608997102826372, 9.311629606262882]
ntrees:  1040
      train-auc-mean  train-auc-std  test-auc-mean  test-auc-std
1039        0.797947        0.00091       0.766265      0.004286
