-----------
[14, 11, 6.8342199163679185, 0.8727750176675034, 0.7529301777140894, 2.631888335731908, 0.023885505870438296, 15.028479399260862, 1.3564860482160008]
ntrees:  330
     train-auc-mean  train-auc-std  test-auc-mean  test-auc-std
329         0.91411       0.000833        0.86129      0.003032
-----------
[14, 11, 6.8342199163679185, 0.8727750176675034, 0.7529301777140894, 2.631888335731908, 0.023885505870438296, 15.028479399260862, 1.3564860482160008]
ntrees:  327
     train-auc-mean  train-auc-std  test-auc-mean  test-auc-std
326        0.862805       0.000563       0.764601       0.00379
