-----------
[5, 1, 0.0, 0.8, 0.407583809701451, 2.023344245301038, 0.012291901733646476, 14.449175235085729, 9.311629606262882]
ntrees:  1568
      train-auc-mean  train-auc-std  test-auc-mean  test-auc-std
1567        0.807687       0.001048       0.765993      0.004112
-----------
[5.0, 1.0, 0.0, 0.8, 0.407583809701451, 2.023344245301038, 0.012291901733646476, 14.449175235085729, 9.311629606262882]
ntrees:  1519
      train-auc-mean  train-auc-std  test-auc-mean  test-auc-std
1518        0.805331       0.001039       0.766032      0.004168
-----------
[17.0, 24.0, 16.600993713654905, 0.6468231598780714, 0.8548175476061992, 4.311434864453574, 0.3358733360443094, 48.883965370123214, 6.589909972725912]
ntrees:  32
    train-auc-mean  train-auc-std  test-auc-mean  test-auc-std
31        0.783092       0.001236       0.760705      0.003992
-----------
[9.0, 9.0, 12.55082206914188, 0.4421886749005953, 0.5439958603920183, 28.91009781086681, 0.46751652621329975, 29.088723747729773, 2.104012424190609]
ntrees:  4
   train-auc-mean  train-auc-std  test-auc-mean  test-auc-std
3        0.769708       0.001716       0.743995      0.004015
-----------
[16.0, 6.0, 9.645369784670327, 0.6574871682686663, 0.5157360723274705, 28.780979722361508, 0.33919099994614593, 37.61535581371944, 4.5991529652063505]
ntrees:  8
   train-auc-mean  train-auc-std  test-auc-mean  test-auc-std
7        0.816534       0.002256        0.74704      0.003067
-----------
[9.0, 7.0, 8.757962704632032, 0.56320127640977, 0.6994697543850374, 17.245605387724655, 0.25019796459189964, 28.672812545734693, 4.029343140701046]
ntrees:  16
    train-auc-mean  train-auc-std  test-auc-mean  test-auc-std
15        0.812359         0.0016       0.752778      0.002956
-----------
[8.0, 23.0, 7.538963586070258, 0.8695740207372208, 0.6455128925464348, 22.00166323510021, 0.3195060710822306, 99.05249814326713, 9.446687602074096]
ntrees:  21
    train-auc-mean  train-auc-std  test-auc-mean  test-auc-std
20        0.801847       0.001491       0.759858      0.004199
-----------
[20.0, 10.0, 1.7796376211759468, 0.5272328256347212, 0.6010080830405117, 27.656055731560024, 0.2139678679413038, 57.88289687201406, 3.620960490052336]
ntrees:  17
    train-auc-mean  train-auc-std  test-auc-mean  test-auc-std
16        0.819389       0.001722       0.752366      0.003206
-----------
[1.0, 2.0, 13.484886482751408, 0.6335607367640003, 0.8904353782354233, 5.996439777914886, 0.1681020152711282, 43.01862041891458, 9.468576852107132]
ntrees:  644
     train-auc-mean  train-auc-std  test-auc-mean  test-auc-std
643        0.766971       0.001071       0.761061      0.004195
-----------
[9.0, 21.0, 16.72623656317389, 0.5006710821186693, 0.7779905096674646, 25.61161829575486, 0.3139635653885741, 9.255908328259599, 3.9691362514448936]
ntrees:  12
    train-auc-mean  train-auc-std  test-auc-mean  test-auc-std
11        0.808657       0.002087       0.746759       0.00402
-----------
[20.0, 15.0, 18.474260377266617, 0.9978466285876012, 0.57130743684473, 20.839129536453143, 0.06021394682206627, 90.47763120076887, 8.186091890704015]
ntrees:  216
     train-auc-mean  train-auc-std  test-auc-mean  test-auc-std
215        0.850245       0.001091       0.762875      0.004165
-----------
[7.0, 24.0, 13.25328343309846, 0.7396061940969394, 0.9724486261618646, 26.215719209532775, 0.4443191469563807, 83.36669796706893, 3.2997651431157515]
ntrees:  15
    train-auc-mean  train-auc-std  test-auc-mean  test-auc-std
14         0.79343       0.001383       0.756255      0.003567
-----------
[20.0, 11.0, 19.211774547656887, 0.6024147655014112, 0.8725158850594902, 27.013714785039387, 0.22466205500722705, 27.341045164737487, 7.712523203031178]
ntrees:  12
    train-auc-mean  train-auc-std  test-auc-mean  test-auc-std
11        0.825407       0.001307       0.750838      0.003154
-----------
[9.0, 2.0, 0.6478893988560119, 0.9504813942969631, 0.9493347005656784, 28.991560371558233, 0.2192783036963976, 77.90163597081519, 3.51141831934242]
ntrees:  25
    train-auc-mean  train-auc-std  test-auc-mean  test-auc-std
24        0.828618       0.001148       0.759054       0.00425
-----------
[2.0, 2.0, 10.652594669160063, 0.9105131952862695, 0.9669863463892607, 2.6274640993341634, 0.45578990663193303, 24.248255069971425, 1.4540124907375929]
ntrees:  362
     train-auc-mean  train-auc-std  test-auc-mean  test-auc-std
361        0.778778       0.001482       0.763117      0.004161
-----------
[12.0, 11.0, 8.178255429330958, 0.4346691886912832, 0.5696959083378895, 9.114778810446298, 0.3944738041496277, 48.04594759330511, 2.68516630512603]
ntrees:  8
   train-auc-mean  train-auc-std  test-auc-mean  test-auc-std
7        0.782531       0.000418       0.751378       0.00336
-----------
[21.0, 18.0, 5.940466953328809, 0.49259598373409874, 0.8093822121296514, 11.331140163116748, 0.31815415193140717, 40.733933764915456, 5.908996391265588]
ntrees:  8
   train-auc-mean  train-auc-std  test-auc-mean  test-auc-std
7        0.800476       0.001033       0.748685      0.004701
-----------
[19.0, 12.0, 12.954597196697264, 0.6830494886865603, 0.9477110533204632, 23.711414468132162, 0.29831920584982646, 31.220460873754195, 1.782961901996038]
ntrees:  11
    train-auc-mean  train-auc-std  test-auc-mean  test-auc-std
10        0.851916       0.001125       0.746103      0.004454
-----------
[1.0, 21.0, 8.275129902786185, 0.4655403271608495, 0.46298503015554626, 15.754381005499894, 0.024224919382757792, 41.55161600755094, 2.9824190838903175]
ntrees:  3360
      train-auc-mean  train-auc-std  test-auc-mean  test-auc-std
3359         0.76661       0.001013       0.761135      0.004067
-----------
[18.0, 15.0, 19.915516942159194, 0.5380097910207425, 0.9532847884893257, 28.968173438533526, 0.3041012854896989, 81.1172229506231, 1.086928070229138]
ntrees:  12
    train-auc-mean  train-auc-std  test-auc-mean  test-auc-std
11        0.794324       0.001068        0.75145      0.003396
-----------
[17.0, 22.0, 9.538556882023192, 0.6005621266065744, 0.6308158702508647, 12.963420994870617, 0.2672481213221463, 93.55909614072432, 8.625675683923046]
ntrees:  21
    train-auc-mean  train-auc-std  test-auc-mean  test-auc-std
20        0.797489       0.001505       0.757837      0.004466
-----------
[19.0, 16.0, 4.972256207166856, 0.6477756074003215, 0.40246996153309744, 6.8171264988394515, 0.16473196723572953, 32.0195442021437, 4.733249690248886]
ntrees:  34
    train-auc-mean  train-auc-std  test-auc-mean  test-auc-std
33        0.837172       0.000868       0.758844      0.003521
-----------
[18.0, 19.0, 0.7142391239101031, 0.4717834395565403, 0.9983839343540595, 5.731506069009118, 0.3586453576674551, 79.52705217654477, 8.23090474683979]
ntrees:  13
    train-auc-mean  train-auc-std  test-auc-mean  test-auc-std
12        0.790714       0.001048       0.752222      0.003994
-----------
[17.0, 2.0, 5.955253287179724, 0.45360837329721504, 0.8021593549881185, 23.11289734692221, 0.25211886427729135, 64.15925270526363, 4.921372757750767]
ntrees:  12
    train-auc-mean  train-auc-std  test-auc-mean  test-auc-std
11        0.801905       0.000317       0.750294       0.00376
-----------
[20.0, 23.0, 2.426007471598699, 0.4989745908057674, 0.9122876400801562, 17.698067497906194, 0.28594324315246045, 29.253025919702512, 2.0595840532788428]
ntrees:  9
   train-auc-mean  train-auc-std  test-auc-mean  test-auc-std
8        0.820269       0.001177       0.747323      0.004611
-----------
[22.0, 18.0, 8.460769015529069, 0.8797533410063633, 0.9341932575954177, 16.033717301944677, 0.3977541072176211, 51.36521249794106, 8.153519898644811]
ntrees:  5
   train-auc-mean  train-auc-std  test-auc-mean  test-auc-std
4        0.810342       0.001845       0.749011      0.003415
-----------
[7.0, 10.0, 5.099200325681224, 0.8961526215829825, 0.9701639494346944, 11.417808347111203, 0.09760863381105005, 41.22705737205814, 3.924440889379138]
ntrees:  87
    train-auc-mean  train-auc-std  test-auc-mean  test-auc-std
86        0.826883       0.001141       0.762825      0.003364
-----------
[14.0, 5.0, 7.747229157699193, 0.8573147203315485, 0.6677859525457658, 13.960447218388069, 0.19653825848137238, 80.37857198330111, 5.993932509756297]
ntrees:  28
    train-auc-mean  train-auc-std  test-auc-mean  test-auc-std
27        0.833703       0.000756       0.758407      0.003257
-----------
[24.0, 10.0, 4.241938341506839, 0.43722073018246277, 0.9508916234349531, 6.473924771474957, 0.46847856093328677, 65.95676452534995, 1.7124701136580733]
ntrees:  6
   train-auc-mean  train-auc-std  test-auc-mean  test-auc-std
5         0.77939        0.00109       0.747683      0.004169
-----------
[2.0, 23.0, 3.9500825594246147, 0.5785675797331506, 0.965945233949644, 1.0595885398413438, 0.3346727913711662, 3.835725880177143, 9.882313904182265]
ntrees:  202
     train-auc-mean  train-auc-std  test-auc-mean  test-auc-std
201        0.779113       0.001075       0.762548      0.004103
-----------
[2.0, 22.0, 5.759814013961126, 0.9047449551037083, 0.8756009160927789, 26.188355952046333, 0.27298070479362463, 10.60745384946291, 7.76930800074404]
ntrees:  157
     train-auc-mean  train-auc-std  test-auc-mean  test-auc-std
156        0.774965       0.000815       0.762233      0.004033
-----------
[15.0, 16.0, 16.775351365048973, 0.9499576140106587, 0.9541464312571488, 23.45409543845216, 0.4054631634113666, 88.87636173416973, 7.569550658451076]
ntrees:  10
   train-auc-mean  train-auc-std  test-auc-mean  test-auc-std
9        0.816217       0.000954       0.753889      0.003037
-----------
[24.0, 22.0, 10.720715687684475, 0.6795310418714293, 0.774177773889839, 14.567246737716756, 0.4795349404986249, 89.88939179816781, 2.2234195480877137]
ntrees:  8
   train-auc-mean  train-auc-std  test-auc-mean  test-auc-std
7        0.793036        0.00158       0.752177      0.004339
-----------
[10.0, 6.0, 15.591464423751255, 0.5779743648510413, 0.8874880999579653, 14.816622959692609, 0.3051416336849535, 88.59610273291311, 7.816618252455791]
ntrees:  21
    train-auc-mean  train-auc-std  test-auc-mean  test-auc-std
20        0.795774       0.001129       0.757802      0.003591
-----------
[3.0, 19.0, 5.38151771046995, 0.590191159715566, 0.8927380047839446, 21.86024590714302, 0.20855916392149376, 2.959020398603651, 1.8611119206269193]
ntrees:  125
     train-auc-mean  train-auc-std  test-auc-mean  test-auc-std
124        0.782353        0.00136       0.760449      0.004192
-----------
[16.0, 9.0, 0.4715219573709373, 0.9843293159003749, 0.4939283229428458, 16.40142992596251, 0.018472248107873453, 98.13751641409351, 3.6672555487168057]
ntrees:  523
     train-auc-mean  train-auc-std  test-auc-mean  test-auc-std
522        0.880905       0.000648       0.762925      0.003663
-----------
[21.0, 14.0, 2.0209733527357687, 0.8765072911799706, 0.8056771809447945, 12.287420201702448, 0.013544771792789512, 84.54150280642419, 5.110075408628456]
ntrees:  576
     train-auc-mean  train-auc-std  test-auc-mean  test-auc-std
575        0.884597       0.000515       0.762275      0.003822
-----------
[18.0, 23.0, 19.54802582863143, 0.8834076182400459, 0.5175732825816386, 20.635964153108592, 0.20519852615766254, 52.30740436937844, 8.110483799915045]
ntrees:  28
    train-auc-mean  train-auc-std  test-auc-mean  test-auc-std
27        0.834233       0.001171       0.757901      0.003857
-----------
[9.0, 19.0, 0.8536132882119007, 0.472098285765984, 0.7399770424149898, 29.217929432413435, 0.4632396487797538, 59.39076812092099, 1.7377127210482364]
ntrees:  7
   train-auc-mean  train-auc-std  test-auc-mean  test-auc-std
6        0.778832       0.000831        0.74753      0.003505
-----------
[5.0, 6.0, 10.39026802061863, 0.5541936295204182, 0.8990420957864462, 3.8240096055485777, 0.0995938994877656, 54.5331066656642, 8.190235015837107]
ntrees:  235
     train-auc-mean  train-auc-std  test-auc-mean  test-auc-std
234        0.789025        0.00118       0.764163      0.003857
-----------
[7.0, 6.0, 13.279197545296, 0.9798949211149202, 0.8822391460524306, 26.613236919605704, 0.38378563798328585, 72.50263221282187, 2.0246770119238557]
ntrees:  17
    train-auc-mean  train-auc-std  test-auc-mean  test-auc-std
16        0.802056       0.002029       0.758685      0.003545
-----------
[3.0, 15.0, 19.710298701076535, 0.7857199867459319, 0.48246351566195855, 6.395091384324565, 0.06375268033758191, 78.43345950278902, 5.9348965435723064]
ntrees:  1972
      train-auc-mean  train-auc-std  test-auc-mean  test-auc-std
1971        0.779799       0.001284       0.764735      0.004264
-----------
[19.0, 2.0, 3.62614341495491, 0.5225089972346757, 0.49244576257770134, 9.448350907933447, 0.12253202786967565, 26.64804287506569, 1.5504809389388607]
ntrees:  27
    train-auc-mean  train-auc-std  test-auc-mean  test-auc-std
26        0.859697       0.000681       0.755089      0.004729
-----------
[20.0, 16.0, 19.673930101318224, 0.952286879320346, 0.6154901151865827, 27.195638598838183, 0.329270822292072, 80.06677030576819, 2.0878405089223446]
ntrees:  16
    train-auc-mean  train-auc-std  test-auc-mean  test-auc-std
15        0.825424       0.000939       0.754783      0.004045
-----------
[14.0, 17.0, 17.923311139281108, 0.6610926641293375, 0.7159696260007928, 10.960116088335548, 0.1815040539010602, 80.52152964983793, 7.603601218644385]
ntrees:  86
    train-auc-mean  train-auc-std  test-auc-mean  test-auc-std
85        0.815579       0.000768       0.761261      0.004526
-----------
[18.0, 14.0, 6.900295425033109, 0.7054100577324429, 0.8457102887515029, 4.292633933353896, 0.46461348227398247, 9.433165833808433, 3.6524435579696712]
ntrees:  4
   train-auc-mean  train-auc-std  test-auc-mean  test-auc-std
3        0.820463       0.000994       0.741384      0.002884
-----------
[14.0, 22.0, 3.5199762021252856, 0.4394007744142885, 0.696313275361813, 27.44376477929092, 0.05863925729643559, 60.97156950227851, 8.359687473989721]
ntrees:  101
     train-auc-mean  train-auc-std  test-auc-mean  test-auc-std
100        0.833371       0.000474       0.760686      0.003724
-----------
[7.0, 24.0, 6.777971659409356, 0.4418749375749115, 0.5060421656664993, 23.645418760766713, 0.48996661516595136, 2.691405745541686, 8.289948402197663]
ntrees:  5
   train-auc-mean  train-auc-std  test-auc-mean  test-auc-std
4        0.770643       0.001839        0.74565      0.004537
-----------
[3.0, 12.0, 17.499892214865532, 0.4849416107558619, 0.5416616219422192, 9.001923186317256, 0.06914102361895945, 20.327695450660055, 6.553888856834733]
ntrees:  577
     train-auc-mean  train-auc-std  test-auc-mean  test-auc-std
576        0.789485       0.001082       0.764224      0.004203
-----------
[19.0, 11.0, 16.618094970383307, 0.5174824188116205, 0.5827158718897028, 3.026183361798424, 0.29039648580410266, 28.308388748335535, 1.3139473777849113]
ntrees:  68
    train-auc-mean  train-auc-std  test-auc-mean  test-auc-std
67        0.779718       0.001131       0.760877      0.003953
-----------
[22.0, 13.0, 7.103525320585127, 0.42921732336486296, 0.5010531838034697, 20.484890529877354, 0.35088774645713294, 36.88361483236119, 2.6396968376676844]
ntrees:  9
   train-auc-mean  train-auc-std  test-auc-mean  test-auc-std
8        0.801191       0.000483        0.74494      0.003654
-----------
[5.0, 1.0, 0.8005983639491124, 0.8, 0.407583809701451, 6.395091384324565, 0.06375268033758191, 78.43345950278902, 5.9348965435723064]
ntrees:  375
     train-auc-mean  train-auc-std  test-auc-mean  test-auc-std
374        0.800643       0.000907       0.765054      0.004094
-----------
[3.0, 15.0, 19.710298701076535, 0.7857199867459319, 0.48246351566195855, 2.023344245301038, 0.012291901733646476, 12.82328245144612, 9.311629606262882]
ntrees:  5000
      train-auc-mean  train-auc-std  test-auc-mean  test-auc-std
4999        0.770254       0.001238       0.762662      0.004164
-----------
[5.0, 1.0, 0.0, 0.8, 0.5416616219422192, 9.001923186317256, 0.06914102361895945, 20.327695450660055, 6.553888856834733]
ntrees:  193
     train-auc-mean  train-auc-std  test-auc-mean  test-auc-std
192        0.804819       0.000974       0.764521      0.003802
-----------
[3.0, 12.0, 17.499892214865532, 0.4849416107558619, 0.407583809701451, 2.023344245301038, 0.012291901733646476, 14.449175235085729, 9.311629606262882]
ntrees:  5000
      train-auc-mean  train-auc-std  test-auc-mean  test-auc-std
4999        0.770083        0.00118       0.762976      0.004064
-----------
[5.0, 1.0, 0.0, 0.8, 0.407583809701451, 2.023344245301038, 0.012291901733646476, 54.5331066656642, 8.190235015837107]
ntrees:  2571
      train-auc-mean  train-auc-std  test-auc-mean  test-auc-std
2570        0.797677       0.000904        0.76599      0.004304
-----------
[5.0, 6.0, 10.39026802061863, 0.5541936295204182, 0.8990420957864462, 3.8240096055485777, 0.0995938994877656, 14.449175235085729, 9.311629606262882]
ntrees:  135
     train-auc-mean  train-auc-std  test-auc-mean  test-auc-std
134        0.797296       0.001184       0.763431      0.003464
-----------
[5.0, 1.0, 10.652594669160063, 0.9105131952862695, 0.9669863463892607, 2.6274640993341634, 0.45578990663193303, 24.248255069971425, 1.4540124907375929]
ntrees:  42
    train-auc-mean  train-auc-std  test-auc-mean  test-auc-std
41        0.790579       0.000999       0.760356      0.004279
-----------
[2.0, 2.0, 0.0, 0.8, 0.407583809701451, 2.023344245301038, 0.012291901733646476, 14.449175235085729, 9.311629606262882]
ntrees:  5000
      train-auc-mean  train-auc-std  test-auc-mean  test-auc-std
4999        0.778319       0.001028       0.764769      0.004179
-----------
[5.0, 9.0, 0.4715219573709373, 0.9843293159003749, 0.4939283229428458, 16.40142992596251, 0.018472248107873453, 45.40352955329324, 3.6672555487168057]
ntrees:  996
     train-auc-mean  train-auc-std  test-auc-mean  test-auc-std
995        0.811293       0.000988       0.764977      0.003886
-----------
[16.0, 1.0, 0.0, 0.8, 0.407583809701451, 2.023344245301038, 0.012291901733646476, 14.449175235085729, 9.311629606262882]
ntrees:  589
     train-auc-mean  train-auc-std  test-auc-mean  test-auc-std
588        0.895412       0.000277       0.763518      0.003863
-----------
[5.0, 1.0, 0.0, 0.8, 0.407583809701451, 20.839129536453143, 0.06021394682206627, 90.47763120076887, 8.186091890704015]
ntrees:  299
     train-auc-mean  train-auc-std  test-auc-mean  test-auc-std
298        0.799184       0.000751       0.764623      0.003798
-----------
[20.0, 15.0, 18.474260377266617, 0.9978466285876012, 0.57130743684473, 2.023344245301038, 0.012291901733646476, 14.449175235085729, 9.311629606262882]
ntrees:  5000
      train-auc-mean  train-auc-std  test-auc-mean  test-auc-std
4999        0.785569       0.001249       0.764864      0.004174
-----------
[5.0, 6.0, 10.39026802061863, 0.5541936295204182, 0.27144929726020994, 6.395091384324565, 0.06375268033758191, 78.43345950278902, 5.9348965435723064]
ntrees:  525
     train-auc-mean  train-auc-std  test-auc-mean  test-auc-std
524        0.786076       0.001122       0.765088      0.004565
-----------
[3.0, 15.0, 19.710298701076535, 0.7857199867459319, 0.8990420957864462, 3.8240096055485777, 0.0995938994877656, 54.5331066656642, 8.190235015837107]
ntrees:  1241
      train-auc-mean  train-auc-std  test-auc-mean  test-auc-std
1240        0.776475       0.001091       0.764066      0.004039
-----------
[5.0, 1.0, 0.0, 0.8, 0.9701639494346944, 11.417808347111203, 0.09760863381105005, 19.254702773293964, 3.924440889379138]
ntrees:  118
     train-auc-mean  train-auc-std  test-auc-mean  test-auc-std
117        0.803576       0.001133       0.762974      0.003889
-----------
[7.0, 10.0, 5.099200325681224, 0.8961526215829825, 0.407583809701451, 2.829017502379359, 0.012291901733646476, 14.449175235085729, 9.311629606262882]
ntrees:  961
     train-auc-mean  train-auc-std  test-auc-mean  test-auc-std
960        0.820445       0.001219       0.765816      0.004183
-----------
[5.0, 23.0, 3.9500825594246147, 0.5785675797331506, 0.965945233949644, 1.0595885398413438, 0.14330341637620672, 3.835725880177143, 9.882313904182265]
ntrees:  106
     train-auc-mean  train-auc-std  test-auc-mean  test-auc-std
105        0.794151       0.000863       0.762996      0.004268
-----------
[2.0, 2.7, 0.0, 0.8, 0.407583809701451, 2.023344245301038, 0.012291901733646476, 14.449175235085729, 9.311629606262882]
ntrees:  5000
      train-auc-mean  train-auc-std  test-auc-mean  test-auc-std
4999        0.778319       0.001028       0.764769      0.004179
-----------
[5.0, 6.0, 7.2947968052188, 0.4849416107558619, 0.5416616219422192, 9.001923186317256, 0.06914102361895945, 20.327695450660055, 6.553888856834733]
ntrees:  163
     train-auc-mean  train-auc-std  test-auc-mean  test-auc-std
162        0.795389       0.001422       0.763732      0.003515
-----------
[3.0, 12.0, 10.39026802061863, 0.5541936295204182, 0.8990420957864462, 2.6657401271256522, 0.0995938994877656, 54.5331066656642, 8.190235015837107]
ntrees:  624
     train-auc-mean  train-auc-std  test-auc-mean  test-auc-std
623        0.777283       0.000828       0.764064      0.003958
-----------
[5.0, 1.7000000000000002, 0.0, 0.8, 0.407583809701451, 7.439103802749962, 0.013544771792789512, 84.54150280642419, 5.110075408628456]
ntrees:  1569
      train-auc-mean  train-auc-std  test-auc-mean  test-auc-std
1568        0.798669       0.000868       0.765656      0.004244
-----------
[21.0, 14.0, 2.0209733527357687, 0.8765072911799706, 0.8056771809447945, 2.023344245301038, 0.012291901733646476, 14.449175235085729, 9.311629606262882]
ntrees:  549
     train-auc-mean  train-auc-std  test-auc-mean  test-auc-std
548        0.875519       0.000246       0.763172      0.004396
-----------
[5.0, 22.0, 5.759814013961126, 0.9047449551037083, 0.8756009160927789, 11.810497376802656, 0.27298070479362463, 10.60745384946291, 7.76930800074404]
ntrees:  37
    train-auc-mean  train-auc-std  test-auc-mean  test-auc-std
36        0.796708       0.001195       0.760594      0.004152
-----------
[2.0, 1.0, 0.0, 0.8, 0.407583809701451, 2.023344245301038, 0.012291901733646476, 14.449175235085729, 9.311629606262882]
ntrees:  5000
      train-auc-mean  train-auc-std  test-auc-mean  test-auc-std
4999        0.778318       0.001033       0.764776      0.004185
-----------
[2.0, 2.0, 10.652594669160063, 0.9105131952862695, 0.24242961045719533, 6.395091384324565, 0.06375268033758191, 78.43345950278902, 5.9348965435723064]
ntrees:  2868
      train-auc-mean  train-auc-std  test-auc-mean  test-auc-std
2867        0.776876        0.00105       0.764506      0.004213
-----------
[3.0, 15.0, 19.710298701076535, 0.7857199867459319, 0.9669863463892607, 2.6274640993341634, 0.45578990663193303, 24.248255069971425, 1.4540124907375929]
ntrees:  195
     train-auc-mean  train-auc-std  test-auc-mean  test-auc-std
194        0.775327       0.000915       0.762057      0.004907
-----------
[3.0, 15.0, 19.710298701076535, 0.7857199867459319, 0.48246351566195855, 6.395091384324565, 0.030276415194176485, 78.43345950278902, 5.9348965435723064]
ntrees:  2321
      train-auc-mean  train-auc-std  test-auc-mean  test-auc-std
2320        0.777317       0.001063         0.7644      0.004059
-----------
[16.0, 9.0, 0.4715219573709373, 0.9843293159003749, 0.4939283229428458, 16.40142992596251, 0.018472248107873453, 98.13751641409351, 3.6672555487168057]
ntrees:  523
     train-auc-mean  train-auc-std  test-auc-mean  test-auc-std
522        0.880905       0.000648       0.762925      0.003663
-----------
[20.0, 7.5, 18.474260377266617, 0.7857199867459319, 0.2662825234527132, 6.395091384324565, 0.06375268033758191, 78.43345950278902, 5.9348965435723064]
ntrees:  832
     train-auc-mean  train-auc-std  test-auc-mean  test-auc-std
831        0.787152       0.000827        0.76514      0.003987
-----------
[3.0, 15.0, 19.710298701076535, 0.9978466285876012, 0.57130743684473, 20.839129536453143, 0.06021394682206627, 90.47763120076887, 8.186091890704015]
ntrees:  941
     train-auc-mean  train-auc-std  test-auc-mean  test-auc-std
940        0.785393       0.001518       0.764286      0.004061
-----------
[7.0, 15.0, 19.710298701076535, 0.7857199867459319, 0.48246351566195855, 6.395091384324565, 0.06965026758181586, 78.43345950278902, 5.9348965435723064]
ntrees:  760
     train-auc-mean  train-auc-std  test-auc-mean  test-auc-std
759        0.790987       0.001254       0.764705      0.003985
-----------
[3.0, 10.0, 5.099200325681224, 0.8961526215829825, 0.9701639494346944, 11.417808347111203, 0.09760863381105005, 41.22705737205814, 3.924440889379138]
ntrees:  453
     train-auc-mean  train-auc-std  test-auc-mean  test-auc-std
452        0.793979       0.001061       0.764636      0.004056
-----------
[2.0, 2.0, 10.652594669160063, 0.9105131952862695, 0.9669863463892607, 2.6274640993341634, 0.06914102361895945, 20.327695450660055, 6.553888856834733]
ntrees:  1045
      train-auc-mean  train-auc-std  test-auc-mean  test-auc-std
1044        0.775306       0.001031       0.764004      0.004176
-----------
[3.0, 12.0, 17.499892214865532, 0.4849416107558619, 0.5416616219422192, 9.001923186317256, 0.45578990663193303, 18.105256085016364, 1.4540124907375929]
ntrees:  29
    train-auc-mean  train-auc-std  test-auc-mean  test-auc-std
28        0.769644       0.001265       0.758839      0.004616
-----------
[5.0, 17.0, 17.923311139281108, 0.6610926641293375, 0.7159696260007928, 10.960116088335548, 0.1815040539010602, 80.52152964983793, 7.603601218644385]
ntrees:  87
    train-auc-mean  train-auc-std  test-auc-mean  test-auc-std
86        0.787431       0.000928       0.763733       0.00414
-----------
[14.0, 1.0, 0.0, 0.8, 0.407583809701451, 2.023344245301038, 0.012291901733646476, 14.449175235085729, 9.311629606262882]
ntrees:  577
     train-auc-mean  train-auc-std  test-auc-mean  test-auc-std
576         0.88301       0.000467       0.763729      0.003994
-----------
[2.0, 23.0, 3.9500825594246147, 0.5785675797331506, 0.965945233949644, 1.0595885398413438, 0.3346727913711662, 3.835725880177143, 9.882313904182265]
ntrees:  202
     train-auc-mean  train-auc-std  test-auc-mean  test-auc-std
201        0.779113       0.001075       0.762548      0.004103
-----------
[2.0, 2.0, 10.652594669160063, 0.9105131952862695, 0.9669863463892607, 3.8240096055485777, 0.0995938994877656, 54.5331066656642, 8.190235015837107]
ntrees:  1798
      train-auc-mean  train-auc-std  test-auc-mean  test-auc-std
1797        0.776678       0.000862       0.764265      0.004189
-----------
[5.0, 6.0, 10.39026802061863, 0.5541936295204182, 0.8990420957864462, 2.6274640993341634, 0.45578990663193303, 24.248255069971425, 1.4540124907375929]
ntrees:  40
    train-auc-mean  train-auc-std  test-auc-mean  test-auc-std
39        0.784541       0.000593       0.758374      0.003559
-----------
[17.0, 1.0, 19.55633548567651, 0.7298188205125491, 0.9498518238645763, 27.320226599213566, 0.4019064081175146, 30.628113836484072, 8.509537844267292]
ntrees:  5
   train-auc-mean  train-auc-std  test-auc-mean  test-auc-std
4        0.810492       0.002068       0.744981      0.003675
-----------
[5.0, 1.0, 0.0, 0.8, 0.407583809701451, 2.023344245301038, 0.012291901733646476, 14.449175235085729, 9.311629606262882]
ntrees:  1723
      train-auc-mean  train-auc-std  test-auc-mean  test-auc-std
1722        0.809724       0.000764       0.766835      0.002872
-----------
[19.0, 10.0, 16.448480740187804, 0.6298904694172982, 0.8391458850316067, 20.265760095645525, 0.038849042786109754, 71.91396881891333, 8.185558936485663]
ntrees:  209
     train-auc-mean  train-auc-std  test-auc-mean  test-auc-std
208         0.84682       0.000544       0.762681      0.002504
-----------
[2.0, 9.0, 3.1009891269714607, 0.4803458392398458, 0.4390329091540598, 11.088401223437184, 0.2529043004975524, 28.967908483858416, 1.935429552089894]
ntrees:  213
     train-auc-mean  train-auc-std  test-auc-mean  test-auc-std
212        0.775579       0.000783       0.762204      0.002519
-----------
[9.0, 22.0, 17.47012253925306, 0.8380561576771575, 0.9363198029523917, 13.182738897279263, 0.18371440618130133, 98.20506889976463, 2.7228108657146795]
ntrees:  67
    train-auc-mean  train-auc-std  test-auc-mean  test-auc-std
66        0.816365       0.000997       0.762036      0.002259
-----------
[24.0, 14.0, 12.756445536913755, 0.6204406406628139, 0.8094313986281338, 28.173130070542765, 0.30589768922656824, 75.2342269543258, 6.797951425593828]
ntrees:  14
    train-auc-mean  train-auc-std  test-auc-mean  test-auc-std
13         0.81378       0.000676       0.752809      0.001746
-----------
[4.0, 20.0, 1.9394513602022534, 0.6725380750524776, 0.994905402965906, 19.381981121166046, 0.13763311374360127, 6.2517913707096255, 7.459523851469498]
ntrees:  113
     train-auc-mean  train-auc-std  test-auc-mean  test-auc-std
112        0.790541       0.000873       0.762148      0.002222
-----------
[8.0, 7.0, 2.496726158862832, 0.893881946953538, 0.6020372341426607, 11.685184067757396, 0.08495642643597745, 6.326677513276602, 4.496707238353254]
ntrees:  59
    train-auc-mean  train-auc-std  test-auc-mean  test-auc-std
58        0.849271       0.002004       0.761399       0.00261
-----------
[14.0, 14.0, 4.827312544520936, 0.4765899178912094, 0.6958813502305914, 13.439417309098921, 0.484328692032124, 41.80102252971017, 7.8724390843777705]
ntrees:  5
   train-auc-mean  train-auc-std  test-auc-mean  test-auc-std
4        0.788265       0.001057       0.743495      0.002503
-----------
[17.0, 15.0, 14.27322364897349, 0.8347408964922981, 0.8577611631720052, 12.776574828100351, 0.3094566763030008, 33.14521759098662, 5.754400368130337]
ntrees:  10
   train-auc-mean  train-auc-std  test-auc-mean  test-auc-std
9        0.835701       0.000723       0.751318      0.002756
-----------
[19.0, 17.0, 8.403600157219412, 0.4526724069969138, 0.9048016322695158, 6.169484942839148, 0.4905434942388993, 93.95384055266008, 1.683898915090071]
ntrees:  11
    train-auc-mean  train-auc-std  test-auc-mean  test-auc-std
10        0.775956       0.000358       0.752912      0.002951
-----------
[7.0, 19.0, 4.764224942544885, 0.5344226075508688, 0.41211730106686906, 8.034219280667754, 0.13257275388017464, 85.03145255222286, 1.604956869460117]
ntrees:  88
    train-auc-mean  train-auc-std  test-auc-mean  test-auc-std
87        0.792875       0.000675       0.763046       0.00247
-----------
[10.0, 22.0, 13.893908817268576, 0.46135658780631517, 0.5280578310939835, 11.662600219521732, 0.47665938235845007, 11.785274907008358, 1.7065095394263041]
ntrees:  5
   train-auc-mean  train-auc-std  test-auc-mean  test-auc-std
4        0.788204       0.001266       0.741401      0.002627
-----------
[24.0, 12.0, 16.840143692428345, 0.9839477148002059, 0.8270485489071892, 3.1674294325529355, 0.2108948690467692, 57.19709649157325, 4.847049354574141]
ntrees:  443
     train-auc-mean  train-auc-std  test-auc-mean  test-auc-std
442        0.787788       0.000968       0.763929       0.00278
-----------
[3.0, 15.0, 6.328941131110879, 0.47960537391040964, 0.8563430598828876, 13.589756986424817, 0.017169279964122465, 37.79840943355354, 6.04688301044202]
ntrees:  1916
      train-auc-mean  train-auc-std  test-auc-mean  test-auc-std
1915        0.787826       0.000739       0.765298      0.002603
-----------
[19.0, 12.0, 5.469937965970669, 0.9682709644043718, 0.9517881917082596, 15.876327624997364, 0.2900394589172875, 14.43537355379182, 7.642669867401146]
ntrees:  13
    train-auc-mean  train-auc-std  test-auc-mean  test-auc-std
12        0.939495       0.000591       0.744411      0.003147
-----------
[18.0, 8.0, 9.167099472902123, 0.4354966115742352, 0.48578446529749475, 10.842477534143342, 0.2924070829871437, 18.23339419294746, 8.38903090693677]
ntrees:  9
   train-auc-mean  train-auc-std  test-auc-mean  test-auc-std
8         0.80972       0.000935       0.746711      0.003196
-----------
[22.0, 22.0, 19.288457056268026, 0.7257474465735106, 0.4046184163160333, 28.174399194215624, 0.3186697234426098, 98.33390845371824, 4.663346665865706]
ntrees:  19
    train-auc-mean  train-auc-std  test-auc-mean  test-auc-std
18        0.795288       0.001531       0.756393      0.002586
-----------
[11.0, 21.0, 12.988641747940541, 0.5573210090682573, 0.8537809702011914, 21.389482942976, 0.11119233940659594, 41.852752972847625, 9.691571716432408]
ntrees:  56
    train-auc-mean  train-auc-std  test-auc-mean  test-auc-std
55        0.840659       0.001695        0.75929       0.00256
-----------
[10.0, 10.0, 17.739566799449022, 0.8506674169686257, 0.649164277077572, 11.704319266499322, 0.2731682309900373, 91.01596141886323, 6.500710710704604]
ntrees:  43
    train-auc-mean  train-auc-std  test-auc-mean  test-auc-std
42         0.80654       0.000476       0.760529      0.003223
-----------
[16.0, 18.0, 5.985717441513431, 0.43749949332079624, 0.6586149856220567, 4.6201173354044025, 0.04910093591525099, 38.74006582627282, 9.287090358965933]
ntrees:  167
     train-auc-mean  train-auc-std  test-auc-mean  test-auc-std
166        0.814207       0.000602       0.763522      0.002441
-----------
[11.0, 23.0, 12.41699769500732, 0.9323760626303736, 0.7369949320519614, 8.160219409931479, 0.14775350933404063, 6.882683717006044, 7.185594657663771]
ntrees:  42
    train-auc-mean  train-auc-std  test-auc-mean  test-auc-std
41         0.89411       0.001444       0.758049      0.002407
-----------
[9.0, 2.0, 16.983508359436666, 0.6896774366533684, 0.7936613972358394, 11.486525355358753, 0.3293386176417317, 81.12501451311715, 8.418204845367235]
ntrees:  23
    train-auc-mean  train-auc-std  test-auc-mean  test-auc-std
22        0.795185        0.00067       0.758395      0.003276
-----------
[19.0, 7.0, 18.33441159057877, 0.6105890207452966, 0.49120066478019286, 15.919992822462278, 0.052655684982452385, 6.293778391097005, 2.260553322732569]
ntrees:  68
    train-auc-mean  train-auc-std  test-auc-mean  test-auc-std
67        0.911544        0.00085       0.757369       0.00246
-----------
[3.0, 8.0, 13.428933125785054, 0.8182808014668015, 0.5606299926589325, 10.023872310850296, 0.172938466510697, 44.19511065100693, 2.909174206283642]
ntrees:  207
     train-auc-mean  train-auc-std  test-auc-mean  test-auc-std
206        0.785886       0.000854       0.764061      0.002755
-----------
[20.0, 1.0, 11.723156099135172, 0.9337580644954486, 0.5147829684045924, 13.291546197600304, 0.4318662067657839, 77.68371397525956, 2.912911971807463]
ntrees:  12
    train-auc-mean  train-auc-std  test-auc-mean  test-auc-std
11        0.812335       0.000727       0.754996      0.003122
-----------
[10.0, 15.0, 1.8324761098219633, 0.9898554860291615, 0.5528543517046609, 23.165756497822894, 0.13507677190397893, 90.93511044692448, 4.5289568357691525]
ntrees:  68
    train-auc-mean  train-auc-std  test-auc-mean  test-auc-std
67        0.852756       0.001252       0.762009      0.002823
-----------
[9.0, 11.0, 4.714441624848391, 0.6928247147748972, 0.5791099401519868, 12.976719237149744, 0.24964723452091184, 77.25676226277717, 7.504472925382034]
ntrees:  33
    train-auc-mean  train-auc-std  test-auc-mean  test-auc-std
32        0.817211       0.000862       0.759207      0.002375
-----------
[23.0, 8.0, 15.854191030726534, 0.6793601386902939, 0.9461135592297729, 2.4375841387852293, 0.4629857257653366, 85.9972145068314, 9.333950398642527]
ntrees:  343
     train-auc-mean  train-auc-std  test-auc-mean  test-auc-std
342        0.771043       0.001184       0.761547      0.001965
-----------
[6.0, 21.0, 12.390151851137517, 0.7706129020769994, 0.4199824546307717, 13.575966030559158, 0.1554725876836687, 88.84485368603424, 5.019443844142493]
ntrees:  133
     train-auc-mean  train-auc-std  test-auc-mean  test-auc-std
132        0.804872       0.000783        0.76368      0.002489
-----------
[5.0, 9.0, 18.07141636404288, 0.4897720801375458, 0.847582595489849, 27.075901027344393, 0.2971702742633539, 54.86905287239183, 2.4066979843828107]
ntrees:  25
    train-auc-mean  train-auc-std  test-auc-mean  test-auc-std
24        0.777968       0.000656       0.758885       0.00281
-----------
[17.0, 2.0, 14.413008121032364, 0.8526646692832294, 0.4161438174915334, 23.96796328025617, 0.2669357353742506, 90.67863228725945, 5.252479252961352]
ntrees:  37
    train-auc-mean  train-auc-std  test-auc-mean  test-auc-std
36         0.83368       0.001074       0.757394      0.002572
-----------
[11.0, 2.0, 13.471152862770658, 0.7564665248835726, 0.9081284248940847, 14.72911827465065, 0.25637037913290683, 58.6735979377718, 2.9341327045450107]
ntrees:  19
    train-auc-mean  train-auc-std  test-auc-mean  test-auc-std
18        0.823116       0.001659       0.757136      0.002434
-----------
[2.0, 9.0, 8.064195860440062, 0.540351222864155, 0.9977244482283224, 5.2499597322298985, 0.044604600740033334, 13.971308780277969, 8.358330043301851]
ntrees:  1396
      train-auc-mean  train-auc-std  test-auc-mean  test-auc-std
1395        0.781741       0.000673       0.765076      0.002734
-----------
[9.0, 10.0, 1.18729920043537, 0.549765458419077, 0.7046495046425312, 20.484676906656954, 0.14237781759351245, 72.43136199284338, 7.909087074239011]
ntrees:  65
    train-auc-mean  train-auc-std  test-auc-mean  test-auc-std
64        0.834945        0.00099        0.75962      0.003258
-----------
[2.0, 12.0, 1.0084091722328337, 0.4494558168670798, 0.9160377393118404, 25.05964677011421, 0.2422151064535187, 33.25476632281661, 4.463581572513102]
ntrees:  272
     train-auc-mean  train-auc-std  test-auc-mean  test-auc-std
271        0.777747       0.000756       0.761741       0.00248
-----------
[9.0, 18.0, 17.658596835226046, 0.8574205597189677, 0.613669226702179, 29.690430866409645, 0.3240499282445873, 48.99711279755514, 3.9537457008795185]
ntrees:  17
    train-auc-mean  train-auc-std  test-auc-mean  test-auc-std
16        0.816582       0.000592       0.754771       0.00262
-----------
[3.0, 14.0, 5.4593395143210355, 0.9528864211133277, 0.8810780167718448, 6.05048466253444, 0.23181529139405171, 45.26602945447774, 9.587218878456254]
ntrees:  244
     train-auc-mean  train-auc-std  test-auc-mean  test-auc-std
243        0.795233       0.000645       0.765146      0.002877
-----------
[3.0, 4.0, 15.585685812113542, 0.7027494985277336, 0.6008495026271671, 20.488173223812463, 0.4879385523580042, 84.17600070228747, 5.890721706925844]
ntrees:  59
    train-auc-mean  train-auc-std  test-auc-mean  test-auc-std
58        0.777444        0.00076       0.760614      0.003196
-----------
[21.0, 13.0, 13.147339399053077, 0.6626663216159998, 0.8550898437800291, 26.066454222242157, 0.3988892912168011, 42.56412852351226, 1.0338214180812701]
ntrees:  6
   train-auc-mean  train-auc-std  test-auc-mean  test-auc-std
5        0.808945       0.001847       0.745547      0.002135
-----------
[24.0, 10.0, 6.5135694808468365, 0.8508899626409026, 0.6830158297243636, 18.946997922019, 0.2907833683362418, 62.26941260918739, 9.13463011406314]
ntrees:  15
    train-auc-mean  train-auc-std  test-auc-mean  test-auc-std
14        0.850289       0.001665       0.753645      0.002766
-----------
[7.0, 20.0, 14.679384578357595, 0.9624119970337665, 0.6419207592348887, 1.1035751130494607, 0.03562053113595658, 80.11374135637993, 9.807950967100608]
ntrees:  919
     train-auc-mean  train-auc-std  test-auc-mean  test-auc-std
918        0.761431       0.000738       0.757791      0.002021
-----------
[6.0, 11.0, 4.0431627272503, 0.5087185701220163, 0.6657348404563098, 20.995611740104817, 0.3606504658042086, 35.91245799722363, 8.339684427560528]
ntrees:  16
    train-auc-mean  train-auc-std  test-auc-mean  test-auc-std
15        0.783156       0.000921       0.754602      0.002633
-----------
[7.0, 15.0, 9.435445837526528, 0.4717057191472745, 0.9653739558066929, 17.45870822069241, 0.044140506047463876, 21.680376843704828, 9.966362135159207]
ntrees:  207
     train-auc-mean  train-auc-std  test-auc-mean  test-auc-std
206         0.83091       0.001216       0.762839      0.002793
-----------
[4.0, 22.0, 16.82836927564302, 0.7125367098998496, 0.5899042124142211, 20.09243686577607, 0.46297516784165815, 79.82784742456852, 5.898005754435132]
ntrees:  35
    train-auc-mean  train-auc-std  test-auc-mean  test-auc-std
34        0.780216        0.00078       0.759508      0.003094
-----------
[5.0, 15.0, 2.041925057976215, 0.5514736434951009, 0.4729669532764218, 29.792492440300773, 0.22307844778150135, 59.596603636858525, 6.729940460709593]
ntrees:  59
    train-auc-mean  train-auc-std  test-auc-mean  test-auc-std
58        0.790141       0.000783       0.761072      0.002051
-----------
[11.0, 20.0, 17.33094192070899, 0.5973872647065974, 0.8012949067910122, 19.557055641630797, 0.14095149714406302, 77.31027285091334, 7.86405674123576]
ntrees:  58
    train-auc-mean  train-auc-std  test-auc-mean  test-auc-std
57        0.820452       0.000484       0.760712      0.002887
-----------
[21.0, 19.0, 13.018103698892416, 0.4131904945408379, 0.5492091872209603, 16.547191311302253, 0.047061160279128954, 69.60994709061, 4.283641032503366]
ntrees:  184
     train-auc-mean  train-auc-std  test-auc-mean  test-auc-std
183        0.817436       0.000572       0.762546      0.002395
-----------
[18.0, 6.0, 4.365543671316264, 0.8349685001256781, 0.7049449277724777, 26.734000592688048, 0.14411980389269158, 86.15565742701448, 5.066025832651288]
ntrees:  38
    train-auc-mean  train-auc-std  test-auc-mean  test-auc-std
37        0.860509        0.00168       0.758473      0.002082
-----------
[2.0, 22.0, 9.496488079974501, 0.9988842555540433, 0.7571763750817591, 10.821478613619208, 0.1729564423433699, 51.51291194095737, 5.435751619771481]
ntrees:  595
     train-auc-mean  train-auc-std  test-auc-mean  test-auc-std
594        0.780129       0.001127       0.764339       0.00243
-----------
[5.0, 17.0, 5.287439371779728, 0.6446691160646578, 0.5401762545883362, 24.847344297422495, 0.04526283605529509, 55.927012202174375, 9.26777810114597]
ntrees:  414
     train-auc-mean  train-auc-std  test-auc-mean  test-auc-std
413        0.807316       0.000529       0.764632      0.002932
-----------
[5.0, 1.0, 0.0, 0.8, 0.407583809701451, 13.589756986424817, 0.017169279964122465, 37.79840943355354, 6.04688301044202]
ntrees:  1051
      train-auc-mean  train-auc-std  test-auc-mean  test-auc-std
1050        0.809327       0.000586       0.765596      0.002697
-----------
[3.0, 15.0, 6.328941131110879, 0.47960537391040964, 0.8563430598828876, 2.023344245301038, 0.012291901733646476, 14.449175235085729, 9.311629606262882]
ntrees:  2000
      train-auc-mean  train-auc-std  test-auc-mean  test-auc-std
1999        0.780354       0.000694       0.765199      0.002578
-----------
[5.0, 1.0, 0.0, 0.9528864211133277, 0.8810780167718448, 6.05048466253444, 0.1202169265328417, 45.26602945447774, 9.587218878456254]
ntrees:  147
     train-auc-mean  train-auc-std  test-auc-mean  test-auc-std
146        0.807602       0.000469       0.764594      0.003092
-----------
[3.0, 14.0, 5.4593395143210355, 0.8, 0.407583809701451, 2.023344245301038, 0.012291901733646476, 14.449175235085729, 9.311629606262882]
ntrees:  2000
      train-auc-mean  train-auc-std  test-auc-mean  test-auc-std
1999        0.779056       0.000799       0.765218      0.002396
-----------
[5.0, 8.600000000000001, 5.287439371779728, 0.6446691160646578, 0.5401762545883362, 24.847344297422495, 0.04526283605529509, 55.927012202174375, 9.26777810114597]
ntrees:  352
     train-auc-mean  train-auc-std  test-auc-mean  test-auc-std
351          0.8023       0.000584       0.764414       0.00292
-----------
[5.0, 1.0, 0.0, 0.8, 0.407583809701451, 3.183129322805333, 0.012291901733646476, 14.449175235085729, 9.311629606262882]
ntrees:  1556
      train-auc-mean  train-auc-std  test-auc-mean  test-auc-std
1555        0.811267       0.000646       0.766577       0.00308
-----------
[2.0, 22.0, 5.543849615886109, 0.9988842555540433, 0.7571763750817591, 10.821478613619208, 0.1729564423433699, 51.51291194095737, 5.435751619771481]
ntrees:  520
     train-auc-mean  train-auc-std  test-auc-mean  test-auc-std
519        0.782096       0.000619       0.764627      0.002691
-----------
[3.0, 8.0, 13.428933125785054, 0.8182808014668015, 0.2963846479104587, 10.023872310850296, 0.172938466510697, 44.19511065100693, 2.909174206283642]
ntrees:  257
     train-auc-mean  train-auc-std  test-auc-mean  test-auc-std
256        0.785959        0.00104       0.764653      0.002859
-----------
[2.3, 1.0, 16.840143692428345, 0.9839477148002059, 0.8270485489071892, 3.1674294325529355, 0.2108948690467692, 57.19709649157325, 4.847049354574141]
ntrees:  394
     train-auc-mean  train-auc-std  test-auc-mean  test-auc-std
393        0.765771       0.000796       0.760475      0.002361
-----------
[24.0, 12.0, 0.0, 0.8, 0.407583809701451, 2.023344245301038, 0.012291901733646476, 14.449175235085729, 9.311629606262882]
ntrees:  603
     train-auc-mean  train-auc-std  test-auc-mean  test-auc-std
602        0.868838       0.000562       0.764079      0.002856
-----------
[5.0, 1.0, 0.0, 0.8, 0.407583809701451, 2.023344245301038, 0.012291901733646476, 88.84485368603424, 5.019443844142493]
ntrees:  2000
      train-auc-mean  train-auc-std  test-auc-mean  test-auc-std
1999        0.783445       0.000862       0.765322      0.002494
-----------
[6.0, 21.0, 12.390151851137517, 0.7706129020769994, 0.4199824546307717, 13.575966030559158, 0.1554725876836687, 14.449175235085729, 9.311629606262882]
ntrees:  64
    train-auc-mean  train-auc-std  test-auc-mean  test-auc-std
63        0.809168       0.000846       0.761316      0.002338
-----------
[3.0, 15.0, 6.328941131110879, 0.47960537391040964, 0.8563430598828876, 5.979066281473783, 0.23181529139405171, 45.26602945447774, 9.587218878456254]
ntrees:  128
     train-auc-mean  train-auc-std  test-auc-mean  test-auc-std
127        0.780996       0.000758       0.763365      0.003068
-----------
[2.7, 14.0, 5.4593395143210355, 0.9528864211133277, 0.8810780167718448, 6.05048466253444, 0.017169279964122465, 37.79840943355354, 3.348000195948918]
ntrees:  2000
      train-auc-mean  train-auc-std  test-auc-mean  test-auc-std
1999        0.772671       0.000598        0.76334      0.002245
-----------
[3.0, 15.0, 6.328941131110879, 0.47960537391040964, 0.8563430598828876, 5.2499597322298985, 0.044604600740033334, 13.971308780277969, 8.358330043301851]
ntrees:  677
     train-auc-mean  train-auc-std  test-auc-mean  test-auc-std
676        0.787339       0.000795       0.765273      0.002812
-----------
[2.0, 9.0, 8.064195860440062, 0.540351222864155, 0.9977244482283224, 13.589756986424817, 0.017169279964122465, 37.79840943355354, 6.04688301044202]
ntrees:  2000
      train-auc-mean  train-auc-std  test-auc-mean  test-auc-std
1999        0.774031       0.000663       0.763783       0.00242
-----------
[16.0, 18.0, 5.985717441513431, 0.43749949332079624, 0.6586149856220567, 4.6201173354044025, 0.04910093591525099, 38.74006582627282, 9.287090358965933]
ntrees:  167
     train-auc-mean  train-auc-std  test-auc-mean  test-auc-std
166        0.814207       0.000602       0.763522      0.002441
-----------
[3.0, 14.0, 5.4593395143210355, 0.45099357009453167, 0.8810780167718448, 6.05048466253444, 0.23181529139405171, 19.07027271795672, 9.587218878456254]
ntrees:  109
     train-auc-mean  train-auc-std  test-auc-mean  test-auc-std
108        0.780802        0.00039       0.761904      0.002728
-----------
[3.0, 15.0, 6.328941131110879, 0.47960537391040964, 0.8563430598828876, 13.589756986424817, 0.04526283605529509, 55.927012202174375, 9.26777810114597]
ntrees:  742
     train-auc-mean  train-auc-std  test-auc-mean  test-auc-std
741        0.786084       0.000735       0.765022      0.002815
-----------
[5.0, 17.0, 5.287439371779728, 0.6446691160646578, 0.5401762545883362, 11.252826758252395, 0.017169279964122465, 37.79840943355354, 6.04688301044202]
ntrees:  971
     train-auc-mean  train-auc-std  test-auc-mean  test-auc-std
970        0.806579       0.000775       0.765614      0.002657
-----------
[5.0, 1.0, 0.0, 0.8, 0.41211730106686906, 8.034219280667754, 0.13257275388017464, 85.03145255222286, 1.604956869460117]
ntrees:  179
     train-auc-mean  train-auc-std  test-auc-mean  test-auc-std
178        0.801428        0.00073       0.764778      0.003095
-----------
[7.0, 19.0, 4.764224942544885, 0.5344226075508688, 0.407583809701451, 2.023344245301038, 0.012291901733646476, 14.449175235085729, 9.311629606262882]
ntrees:  1323
      train-auc-mean  train-auc-std  test-auc-mean  test-auc-std
1322        0.809146       0.000636       0.766456      0.002889
-----------
[3.0, 14.0, 5.4593395143210355, 0.9528864211133277, 0.5401762545883362, 24.847344297422495, 0.04526283605529509, 55.927012202174375, 9.26777810114597]
ntrees:  998
     train-auc-mean  train-auc-std  test-auc-mean  test-auc-std
997        0.791505       0.000719       0.764894      0.002849
-----------
[5.0, 17.0, 5.287439371779728, 0.6446691160646578, 0.8810780167718448, 6.05048466253444, 0.23181529139405171, 45.26602945447774, 9.587218878456254]
ntrees:  58
    train-auc-mean  train-auc-std  test-auc-mean  test-auc-std
57        0.793382       0.000636        0.76208       0.00279
-----------
[5.0, 1.0, 9.435445837526528, 0.4717057191472745, 0.9653739558066929, 17.45870822069241, 0.044140506047463876, 21.680376843704828, 9.966362135159207]
ntrees:  282
     train-auc-mean  train-auc-std  test-auc-mean  test-auc-std
281        0.802666       0.000788       0.764126      0.002575
-----------
[7.0, 15.0, 0.0, 0.8, 0.407583809701451, 2.023344245301038, 0.012291901733646476, 14.449175235085729, 9.311629606262882]
ntrees:  1143
      train-auc-mean  train-auc-std  test-auc-mean  test-auc-std
1142        0.829872       0.000713        0.76642      0.002901
-----------
[3.0, 6.6, 6.328941131110879, 0.47960537391040964, 0.3981035095326937, 13.589756986424817, 0.1729564423433699, 51.51291194095737, 2.939794388234297]
ntrees:  203
     train-auc-mean  train-auc-std  test-auc-mean  test-auc-std
202        0.782663       0.000708       0.763315      0.003051
-----------
[2.0, 22.0, 9.496488079974501, 0.9988842555540433, 0.7571763750817591, 10.821478613619208, 0.017169279964122465, 37.79840943355354, 6.04688301044202]
ntrees:  2000
      train-auc-mean  train-auc-std  test-auc-mean  test-auc-std
1999        0.772364       0.000561        0.76281      0.002203
-----------
[5.0, 1.0, 0.0, 0.6298904694172982, 0.8391458850316067, 20.265760095645525, 0.038849042786109754, 71.91396881891333, 8.185558936485663]
ntrees:  505
     train-auc-mean  train-auc-std  test-auc-mean  test-auc-std
504         0.80976       0.000649       0.764722      0.002666
-----------
[19.0, 10.0, 16.448480740187804, 0.8, 0.407583809701451, 2.023344245301038, 0.012291901733646476, 14.449175235085729, 9.311629606262882]
ntrees:  2000
      train-auc-mean  train-auc-std  test-auc-mean  test-auc-std
1999         0.77931       0.000827       0.764877      0.002398
-----------
[3.0, 14.0, 5.4593395143210355, 0.9528864211133277, 0.7571763750817591, 10.821478613619208, 0.1729564423433699, 51.51291194095737, 5.435751619771481]
ntrees:  298
     train-auc-mean  train-auc-std  test-auc-mean  test-auc-std
297        0.794696       0.000743       0.764516      0.003056
-----------
[2.0, 22.0, 9.496488079974501, 0.9988842555540433, 0.8810780167718448, 6.05048466253444, 0.23181529139405171, 45.26602945447774, 9.587218878456254]
ntrees:  461
     train-auc-mean  train-auc-std  test-auc-mean  test-auc-std
460        0.775499       0.001468       0.763713      0.001782
-----------
[2.0, 4.1, 8.064195860440062, 0.540351222864155, 0.9977244482283224, 5.2499597322298985, 0.044604600740033334, 51.51291194095737, 5.435751619771481]
ntrees:  1476
      train-auc-mean  train-auc-std  test-auc-mean  test-auc-std
1475         0.77902        0.00067       0.765143       0.00281
-----------
[2.0, 22.0, 9.496488079974501, 0.9988842555540433, 0.7571763750817591, 10.821478613619208, 0.1729564423433699, 13.971308780277969, 8.358330043301851]
ntrees:  516
     train-auc-mean  train-auc-std  test-auc-mean  test-auc-std
515        0.782352       0.001422       0.763941      0.002604
-----------
[10.0, 1.0, 4.9230888952812535, 0.40719282964187586, 0.8629325655719781, 18.86134409316113, 0.010268758238197895, 9.181153119093056, 4.703279594385786]
ntrees:  371
     train-auc-mean  train-auc-std  test-auc-mean  test-auc-std
370        0.855827       0.001196       0.760016      0.002943
-----------
[19.0, 18.0, 0.40869168862974314, 0.43918096119383865, 0.49004768659398246, 19.337364141000744, 0.19085872435683712, 98.83662309435773, 8.895591264082475]
ntrees:  41
    train-auc-mean  train-auc-std  test-auc-mean  test-auc-std
40        0.813588       0.000267       0.756767      0.002825
-----------
[15.0, 19.0, 17.17030943483611, 0.853709298797862, 0.6656646687816612, 4.853897939945325, 0.46504977665145064, 62.41716540662912, 6.299068469016727]
ntrees:  37
    train-auc-mean  train-auc-std  test-auc-mean  test-auc-std
36        0.786871       0.000729       0.760014      0.003417
-----------
[5.0, 7.0, 17.28991558074125, 0.6811479351320304, 0.5513454861880072, 28.900769813948347, 0.0788650070112003, 83.54617652395062, 3.4866888456657765]
ntrees:  219
     train-auc-mean  train-auc-std  test-auc-mean  test-auc-std
218         0.79718       0.000887       0.764048      0.002296
-----------
[3.0, 3.0, 0.41483950956137994, 0.9035985653424803, 0.7904994702333081, 12.186102881313937, 0.20986953024002242, 37.387765960845854, 6.67491702974783]
ntrees:  163
     train-auc-mean  train-auc-std  test-auc-mean  test-auc-std
162        0.787711       0.000756       0.763776      0.002823
-----------
[23.0, 21.0, 18.356219880231414, 0.7191934178812706, 0.6741612676925792, 3.707417958484801, 0.1798363814891359, 8.287166458583828, 5.667797199155655]
ntrees:  42
    train-auc-mean  train-auc-std  test-auc-mean  test-auc-std
41        0.820495       0.000725       0.760071      0.002449
-----------
[3.0, 14.0, 18.560715683051058, 0.4465344218938907, 0.8053200103816575, 6.955247302417589, 0.38448523183847927, 62.23041514728871, 3.825598768272245]
ntrees:  98
    train-auc-mean  train-auc-std  test-auc-mean  test-auc-std
97        0.776524       0.000647       0.761249      0.002845
-----------
[11.0, 21.0, 16.58331523651345, 0.6428588679642306, 0.4518994900440239, 15.922386042050865, 0.3605326969310073, 70.37402193616845, 9.766232686083443]
ntrees:  14
    train-auc-mean  train-auc-std  test-auc-mean  test-auc-std
13        0.786764       0.000681       0.756715      0.002182
-----------
[7.0, 13.0, 11.3466489239614, 0.8373225711691517, 0.9772624483322437, 23.43232125562404, 0.15465937076239733, 36.00517530109416, 5.131533795921214]
ntrees:  43
    train-auc-mean  train-auc-std  test-auc-mean  test-auc-std
42        0.817378       0.001346       0.759831      0.002371
-----------
[11.0, 14.0, 6.447105410518903, 0.5972040206548679, 0.667879662203732, 17.923805515997838, 0.10256270374363947, 7.2508679682526616, 1.1210564492915074]
ntrees:  30
    train-auc-mean  train-auc-std  test-auc-mean  test-auc-std
29        0.866615       0.002013       0.752865      0.002778
-----------
[23.0, 4.0, 18.944791029554104, 0.5006378002736597, 0.5386557427834849, 21.105934786233295, 0.39200567617511944, 21.088745232293814, 2.896635518117543]
ntrees:  5
   train-auc-mean  train-auc-std  test-auc-mean  test-auc-std
4        0.798662       0.000704        0.73878      0.002808
-----------
[5.0, 19.0, 4.764224942544885, 0.5344226075508688, 0.407583809701451, 2.023344245301038, 0.0324075706686796, 14.449175235085729, 9.311629606262882]
ntrees:  651
     train-auc-mean  train-auc-std  test-auc-mean  test-auc-std
650        0.797387       0.000827       0.765865      0.002787
-----------
[7.0, 1.0, 0.0, 0.8, 0.407583809701451, 2.023344245301038, 0.012291901733646476, 14.449175235085729, 9.311629606262882]
ntrees:  1031
      train-auc-mean  train-auc-std  test-auc-mean  test-auc-std
1030        0.828402       0.000732       0.766417      0.002928
-----------
[5.0, 2.2, 0.0, 0.8, 0.407583809701451, 3.183129322805333, 0.012291901733646476, 14.449175235085729, 9.311629606262882]
ntrees:  1556
      train-auc-mean  train-auc-std  test-auc-mean  test-auc-std
1555        0.811292       0.000677       0.766576      0.003092
-----------
[7.0, 19.0, 4.764224942544885, 0.5344226075508688, 0.407583809701451, 3.183129322805333, 0.012291901733646476, 14.449175235085729, 9.311629606262882]
ntrees:  1188
      train-auc-mean  train-auc-std  test-auc-mean  test-auc-std
1187        0.825263       0.000504       0.766026       0.00292
-----------
[5.0, 1.0, 1.7452543838963088, 0.8, 0.407583809701451, 3.183129322805333, 0.012291901733646476, 14.449175235085729, 9.311629606262882]
ntrees:  1642
      train-auc-mean  train-auc-std  test-auc-mean  test-auc-std
1641        0.812777       0.000663       0.766608      0.003018
-----------
[7.0, 19.0, 4.764224942544885, 0.5344226075508688, 0.2351661747274661, 2.023344245301038, 0.012291901733646476, 14.449175235085729, 9.311629606262882]
ntrees:  1460
      train-auc-mean  train-auc-std  test-auc-mean  test-auc-std
1459         0.80091       0.000902       0.766293      0.002904
-----------
[2.3, 1.0, 5.287439371779728, 0.6446691160646578, 0.5401762545883362, 11.252826758252395, 0.017169279964122465, 37.79840943355354, 6.04688301044202]
ntrees:  2000
      train-auc-mean  train-auc-std  test-auc-mean  test-auc-std
1999        0.773279       0.000618       0.763646      0.002405
-----------
[5.0, 17.0, 0.0, 0.8, 0.407583809701451, 2.023344245301038, 0.012291901733646476, 14.449175235085729, 9.311629606262882]
ntrees:  1726
      train-auc-mean  train-auc-std  test-auc-mean  test-auc-std
1725        0.808641       0.000746       0.766744      0.002754
-----------
[5.0, 1.0, 0.0, 0.8, 0.407583809701451, 13.589756986424817, 0.017169279964122465, 37.79840943355354, 6.04688301044202]
ntrees:  1051
      train-auc-mean  train-auc-std  test-auc-mean  test-auc-std
1050        0.809327       0.000586       0.765596      0.002697
-----------
[5.0, 1.0, 0.0, 0.8, 0.5401762545883362, 5.044294190204814, 0.017169279964122465, 37.79840943355354, 6.04688301044202]
ntrees:  1199
      train-auc-mean  train-auc-std  test-auc-mean  test-auc-std
1198        0.810357       0.000777       0.766257      0.002993
-----------
[3.5, 17.0, 5.287439371779728, 0.6446691160646578, 0.407583809701451, 3.183129322805333, 0.012291901733646476, 14.449175235085729, 4.653898834277262]
ntrees:  2000
      train-auc-mean  train-auc-std  test-auc-mean  test-auc-std
1999        0.781137       0.000732       0.765501      0.002451
-----------
[5.0, 1.0, 0.0, 0.8, 0.407583809701451, 2.023344245301038, 0.012291901733646476, 88.84485368603424, 5.019443844142493]
ntrees:  2000
      train-auc-mean  train-auc-std  test-auc-mean  test-auc-std
1999        0.783445       0.000862       0.765322      0.002494
-----------
[5.0, 1.0, 0.0, 0.38983900164920066, 0.407583809701451, 2.023344245301038, 0.012291901733646476, 16.08322470958704, 6.04688301044202]
ntrees:  1588
      train-auc-mean  train-auc-std  test-auc-mean  test-auc-std
1587         0.80058       0.000737       0.766277      0.002856
-----------
[3.0, 15.0, 6.328941131110879, 0.47960537391040964, 0.8563430598828876, 13.589756986424817, 0.017169279964122465, 14.449175235085729, 9.311629606262882]
ntrees:  1851
      train-auc-mean  train-auc-std  test-auc-mean  test-auc-std
1850        0.789118       0.000707       0.765243      0.002738
-----------
[5.0, 1.0, 0.0, 0.8, 0.407583809701451, 2.023344245301038, 0.044604600740033334, 13.971308780277969, 8.358330043301851]
ntrees:  536
     train-auc-mean  train-auc-std  test-auc-mean  test-auc-std
535        0.814161       0.001011        0.76624      0.003158
-----------
[3.0, 15.0, 6.328941131110879, 0.47960537391040964, 0.8563430598828876, 3.4138729321753547, 0.012291901733646476, 14.449175235085729, 9.311629606262882]
ntrees:  2000
      train-auc-mean  train-auc-std  test-auc-mean  test-auc-std
1999        0.782927       0.000665        0.76534      0.002653
-----------
[5.0, 17.0, 5.287439371779728, 0.6446691160646578, 0.407583809701451, 2.023344245301038, 0.012291901733646476, 14.449175235085729, 9.311629606262882]
ntrees:  1723
      train-auc-mean  train-auc-std  test-auc-mean  test-auc-std
1722        0.798029        0.00084       0.766474       0.00273
-----------
[7.0, 19.0, 4.764224942544885, 0.5344226075508688, 0.5401762545883362, 11.252826758252395, 0.017169279964122465, 37.79840943355354, 6.04688301044202]
ntrees:  651
     train-auc-mean  train-auc-std  test-auc-mean  test-auc-std
650        0.826579       0.000563        0.76531      0.002794
-----------
[3.0, 14.0, 5.4593395143210355, 0.8, 0.407583809701451, 2.023344245301038, 0.012291901733646476, 14.449175235085729, 9.311629606262882]
ntrees:  2000
      train-auc-mean  train-auc-std  test-auc-mean  test-auc-std
1999        0.779056       0.000799       0.765218      0.002396
-----------
[5.0, 1.0, 4.764224942544885, 0.5344226075508688, 0.407583809701451, 2.023344245301038, 0.012291901733646476, 14.449175235085729, 9.311629606262882]
ntrees:  2000
      train-auc-mean  train-auc-std  test-auc-mean  test-auc-std
1999        0.802467        0.00077       0.766619       0.00287
-----------
[7.0, 19.0, 0.0, 0.8, 0.407583809701451, 13.589756986424817, 0.017169279964122465, 37.79840943355354, 6.04688301044202]
ntrees:  637
     train-auc-mean  train-auc-std  test-auc-mean  test-auc-std
636        0.831218       0.000835       0.765126       0.00279
-----------
[5.0, 15.0, 6.328941131110879, 0.47960537391040964, 0.8563430598828876, 2.023344245301038, 0.012291901733646476, 14.449175235085729, 9.311629606262882]
ntrees:  1599
      train-auc-mean  train-auc-std  test-auc-mean  test-auc-std
1598        0.799416       0.000773       0.766279      0.002827
-----------
[3.0, 1.0, 0.0, 0.8, 0.407583809701451, 2.023344245301038, 0.012291901733646476, 14.449175235085729, 9.311629606262882]
ntrees:  2000
      train-auc-mean  train-auc-std  test-auc-mean  test-auc-std
1999        0.780127       0.000759       0.765345      0.002423
-----------
[5.0, 7.4, 5.287439371779728, 0.8, 0.21859980946011906, 2.023344245301038, 0.012291901733646476, 14.449175235085729, 4.490145582830857]
ntrees:  2000
      train-auc-mean  train-auc-std  test-auc-mean  test-auc-std
1999        0.795472       0.000857       0.766528      0.002711
-----------
[7.0, 15.0, 0.0, 0.6446691160646578, 0.5401762545883362, 11.252826758252395, 0.017169279964122465, 37.79840943355354, 6.04688301044202]
ntrees:  586
     train-auc-mean  train-auc-std  test-auc-mean  test-auc-std
585         0.82801       0.000836       0.765008      0.002521
-----------
[7.0, 15.0, 0.0, 0.8, 0.407583809701451, 13.589756986424817, 0.017169279964122465, 37.79840943355354, 6.04688301044202]
ntrees:  637
     train-auc-mean  train-auc-std  test-auc-mean  test-auc-std
636        0.831754       0.000825       0.765111      0.002675
-----------
[5.0, 1.0, 5.4593395143210355, 0.9528864211133277, 0.8810780167718448, 6.05048466253444, 0.23181529139405171, 45.26602945447774, 9.587218878456254]
ntrees:  60
    train-auc-mean  train-auc-std  test-auc-mean  test-auc-std
59        0.797751       0.000816       0.763301      0.003368
-----------
[3.0, 14.0, 0.0, 0.8, 0.407583809701451, 2.023344245301038, 0.012291901733646476, 14.449175235085729, 9.311629606262882]
ntrees:  2000
      train-auc-mean  train-auc-std  test-auc-mean  test-auc-std
1999        0.780088       0.000745       0.765328      0.002429
-----------
[5.0, 2.1399999999999997, 8.064195860440062, 0.540351222864155, 0.9977244482283224, 5.2499597322298985, 0.044604600740033334, 51.51291194095737, 5.435751619771481]
ntrees:  473
     train-auc-mean  train-auc-std  test-auc-mean  test-auc-std
472        0.801513       0.000915       0.765452      0.002847
-----------
[2.0, 1.0, 0.0, 0.8, 0.407583809701451, 2.023344245301038, 0.012291901733646476, 14.449175235085729, 9.311629606262882]
ntrees:  2000
      train-auc-mean  train-auc-std  test-auc-mean  test-auc-std
1999        0.769511        0.00064       0.762695      0.002128
-----------
[10.0, 3.0, 0.41483950956137994, 0.8373225711691517, 0.7793937408482913, 11.393296719809502, 0.03718183116158078, 8.052374427537401, 9.61232481923095]
ntrees:  111
     train-auc-mean  train-auc-std  test-auc-mean  test-auc-std
110        0.898189       0.001006       0.760336      0.002876
-----------
[19.0, 21.0, 18.356219880231414, 0.5972040206548679, 0.47973581944714466, 23.286716880392582, 0.10623283870914614, 51.73504292041397, 7.587748154483929]
ntrees:  65
    train-auc-mean  train-auc-std  test-auc-mean  test-auc-std
64        0.831008       0.001197       0.760549      0.002596
-----------
[15.0, 14.0, 18.560715683051058, 0.5006378002736597, 0.977257306495483, 21.894685793585595, 0.20632627973316747, 71.92686206954791, 2.3879967753925864]
ntrees:  18
    train-auc-mean  train-auc-std  test-auc-mean  test-auc-std
17        0.796899       0.001165       0.755146      0.002273
-----------
[5.0, 21.0, 16.58331523651345, 0.8629325655719781, 0.6314366113375297, 9.93010371164233, 0.43876667119746166, 8.624357162608941, 1.4371759283682106]
ntrees:  23
    train-auc-mean  train-auc-std  test-auc-mean  test-auc-std
22        0.791972       0.000617       0.758087      0.002725
-----------
[3.0, 13.0, 11.3466489239614, 0.49004768659398246, 0.45601554396865107, 6.902441700532154, 0.2948039073377052, 45.12718031699474, 7.314269209906138]
ntrees:  107
     train-auc-mean  train-auc-std  test-auc-mean  test-auc-std
106        0.778638       0.000344       0.762396      0.003102
-----------
[23.0, 14.0, 6.447105410518903, 0.6656646687816612, 0.5232120131534673, 23.72377677170033, 0.13887308155413583, 68.34731314396896, 1.3432232189413158]
ntrees:  38
    train-auc-mean  train-auc-std  test-auc-mean  test-auc-std
37        0.839632       0.001212       0.758439      0.002538
-----------
[3.0, 4.0, 18.944791029554104, 0.5513454861880072, 0.7087390215596732, 3.662534404536986, 0.3156426219826852, 85.19002482624552, 4.295679039108716]
ntrees:  833
     train-auc-mean  train-auc-std  test-auc-mean  test-auc-std
832         0.77205       0.000818        0.76253      0.002797
-----------
[11.0, 2.0, 0.23976098806252732, 0.7904994702333081, 0.8641169914956698, 29.662620697363742, 0.25980342248651905, 54.58328668234791, 2.686489819990481]
ntrees:  16
    train-auc-mean  train-auc-std  test-auc-mean  test-auc-std
15        0.841488       0.000598       0.753489      0.003546
-----------
[7.0, 1.0, 1.3060320397946201, 0.6741612676925792, 0.7501477003309898, 19.100977967922443, 0.15766375392976115, 65.6226682105389, 7.077941282985345]
ntrees:  57
    train-auc-mean  train-auc-std  test-auc-mean  test-auc-std
56        0.814262       0.000951       0.761635      0.002542
-----------
[11.0, 6.0, 15.123643293262067, 0.8053200103816575, 0.8159848576462061, 25.22839119194568, 0.4870389011506264, 14.231071664248828, 1.7004856773306254]
ntrees:  2
   train-auc-mean  train-auc-std  test-auc-mean  test-auc-std
1        0.790819       0.002578       0.738488      0.002446
-----------
[23.0, 4.0, 9.371597837734349, 0.4518994900440239, 0.4111447994848071, 11.842452128645297, 0.23007059601829846, 85.94554160937695, 3.699775941565029]
ntrees:  29
    train-auc-mean  train-auc-std  test-auc-mean  test-auc-std
28        0.789421       0.001087       0.757737      0.002333
-----------
[1.0, 22.0, 16.78661884474934, 0.9772624483322437, 0.6282870433148342, 3.40327827298931, 0.0077119075773846935, 69.08481541158464, 9.649988521488384]
ntrees:  2000
      train-auc-mean  train-auc-std  test-auc-mean  test-auc-std
1999        0.758892       0.000526        0.75654       0.00199
-----------
[18.0, 16.0, 10.639780596042351, 0.667879662203732, 0.9579756833484376, 19.046820392713727, 0.10615790261562823, 13.813762519635631, 5.788510754148506]
ntrees:  42
    train-auc-mean  train-auc-std  test-auc-mean  test-auc-std
41        0.915707       0.000396       0.754522      0.004153
-----------
[19.0, 10.0, 1.5511473964630218, 0.5386557427834849, 0.493625258931303, 21.40846636148885, 0.03243699590518221, 92.6758124046546, 5.294666633067975]
ntrees:  313
     train-auc-mean  train-auc-std  test-auc-mean  test-auc-std
312        0.858217        0.00079       0.762452      0.003033
-----------
[7.0, 10.0, 8.095295598807688, 0.7695450502033337, 0.651145727743514, 11.441500837317307, 0.43903069481698925, 89.77945075595187, 1.0145585964870236]
ntrees:  20
    train-auc-mean  train-auc-std  test-auc-mean  test-auc-std
19        0.794017       0.000656       0.757884      0.002252
-----------
[5.0, 1.0, 0.0, 0.8, 0.407583809701451, 2.023344245301038, 0.0324075706686796, 14.449175235085729, 9.311629606262882]
ntrees:  601
     train-auc-mean  train-auc-std  test-auc-mean  test-auc-std
600        0.806514       0.000975        0.76633      0.002978
-----------
[5.0, 1.0, 1.7452543838963088, 0.8, 0.407583809701451, 2.023344245301038, 0.012291901733646476, 14.449175235085729, 9.311629606262882]
ntrees:  1722
      train-auc-mean  train-auc-std  test-auc-mean  test-auc-std
1721        0.808502       0.000777       0.766811      0.002904
-----------
[5.0, 2.2, 0.0, 0.8, 0.407583809701451, 2.023344245301038, 0.012291901733646476, 14.449175235085729, 9.311629606262882]
ntrees:  1725
      train-auc-mean  train-auc-std  test-auc-mean  test-auc-std
1724        0.809746       0.000711       0.766826      0.002889
-----------
[5.0, 1.0, 0.0, 0.8, 0.407583809701451, 3.6470433538070504, 0.012291901733646476, 14.449175235085729, 9.311629606262882]
ntrees:  1317
      train-auc-mean  train-auc-std  test-auc-mean  test-auc-std
1316        0.806498       0.000664       0.766427      0.002968
-----------
[5.0, 2.2, 1.7452543838963088, 0.8, 0.407583809701451, 3.183129322805333, 0.012291901733646476, 14.449175235085729, 9.311629606262882]
ntrees:  1311
      train-auc-mean  train-auc-std  test-auc-mean  test-auc-std
1310        0.804726       0.000644        0.76649      0.002988
-----------
[5.0, 17.0, 0.0, 0.5344226075508688, 0.2351661747274661, 2.023344245301038, 0.012291901733646476, 14.449175235085729, 9.311629606262882]
ntrees:  1616
      train-auc-mean  train-auc-std  test-auc-mean  test-auc-std
1615        0.798431        0.00076       0.766277      0.002771
-----------
[5.0, 1.0, 4.764224942544885, 0.8, 0.407583809701451, 2.023344245301038, 0.012291901733646476, 14.449175235085729, 9.311629606262882]
ntrees:  1815
      train-auc-mean  train-auc-std  test-auc-mean  test-auc-std
1814        0.803207       0.000844        0.76677      0.002807
-----------
[2.3, 1.0, 0.0, 0.8, 0.407583809701451, 2.023344245301038, 0.012291901733646476, 14.449175235085729, 4.490145582830857]
ntrees:  2000
      train-auc-mean  train-auc-std  test-auc-mean  test-auc-std
1999        0.769569       0.000628        0.76272      0.002119
-----------
[5.0, 7.4, 5.287439371779728, 0.8, 0.21859980946011906, 2.023344245301038, 0.012291901733646476, 14.449175235085729, 9.311629606262882]
ntrees:  2000
      train-auc-mean  train-auc-std  test-auc-mean  test-auc-std
1999        0.794527       0.000848       0.766523      0.002705
-----------
[5.0, 1.0, 0.0, 0.8, 0.407583809701451, 1.352501185024272, 0.012291901733646476, 14.449175235085729, 9.311629606262882]
ntrees:  1722
      train-auc-mean  train-auc-std  test-auc-mean  test-auc-std
1721         0.80392       0.000829       0.766693      0.002784
-----------
[3.5, 17.0, 0.0, 0.8, 0.407583809701451, 3.183129322805333, 0.012291901733646476, 14.449175235085729, 4.653898834277262]
ntrees:  2000
      train-auc-mean  train-auc-std  test-auc-mean  test-auc-std
1999        0.781448       0.000697       0.765377      0.002495
-----------
[5.0, 17.0, 0.0, 0.8, 0.407583809701451, 3.183129322805333, 0.012291901733646476, 14.449175235085729, 9.311629606262882]
ntrees:  2000
      train-auc-mean  train-auc-std  test-auc-mean  test-auc-std
1999        0.820212       0.000692       0.766611       0.00314
-----------
[5.0, 1.0, 5.287439371779728, 0.6446691160646578, 0.407583809701451, 2.023344245301038, 0.012291901733646476, 14.449175235085729, 9.311629606262882]
ntrees:  1882
      train-auc-mean  train-auc-std  test-auc-mean  test-auc-std
1881        0.800649       0.000876       0.766572      0.002806
-----------
[5.0, 1.0, 0.0, 0.38983900164920066, 0.407583809701451, 2.023344245301038, 0.012291901733646476, 6.743531030199916, 9.311629606262882]
ntrees:  1363
      train-auc-mean  train-auc-std  test-auc-mean  test-auc-std
1362        0.803746        0.00062       0.766207      0.002746
-----------
[7.0, 19.0, 4.764224942544885, 0.5344226075508688, 0.407583809701451, 2.023344245301038, 0.012291901733646476, 14.449175235085729, 9.311629606262882]
ntrees:  1323
      train-auc-mean  train-auc-std  test-auc-mean  test-auc-std
1322        0.809146       0.000636       0.766456      0.002889
-----------
[5.0, 17.0, 0.0, 0.8, 0.407583809701451, 2.023344245301038, 0.012291901733646476, 14.449175235085729, 4.490145582830857]
ntrees:  1730
      train-auc-mean  train-auc-std  test-auc-mean  test-auc-std
1729        0.809773       0.000703       0.766779      0.002805
-----------
[5.0, 7.4, 5.287439371779728, 0.8, 0.21859980946011906, 2.1232267374038107, 0.012291901733646476, 14.449175235085729, 9.311629606262882]
ntrees:  2000
      train-auc-mean  train-auc-std  test-auc-mean  test-auc-std
1999        0.795878       0.000814       0.766453      0.002728
-----------
[7.0, 15.0, 0.0, 0.8, 0.407583809701451, 2.023344245301038, 0.012291901733646476, 14.449175235085729, 9.311629606262882]
ntrees:  1143
      train-auc-mean  train-auc-std  test-auc-mean  test-auc-std
1142        0.829872       0.000713        0.76642      0.002901
-----------
[7.0, 1.0, 0.0, 0.8, 0.407583809701451, 2.023344245301038, 0.012291901733646476, 14.449175235085729, 9.311629606262882]
ntrees:  1031
      train-auc-mean  train-auc-std  test-auc-mean  test-auc-std
1030        0.828402       0.000732       0.766417      0.002928
-----------
[5.0, 1.0, 1.7452543838963088, 0.5344226075508688, 0.407583809701451, 2.023344245301038, 0.012291901733646476, 14.449175235085729, 9.311629606262882]
ntrees:  1743
      train-auc-mean  train-auc-std  test-auc-mean  test-auc-std
1742        0.805864       0.000725       0.766628       0.00287
-----------
[5.0, 1.0, 4.764224942544885, 0.8, 0.407583809701451, 3.183129322805333, 0.012291901733646476, 14.449175235085729, 9.311629606262882]
ntrees:  1937
      train-auc-mean  train-auc-std  test-auc-mean  test-auc-std
1936        0.816006        0.00075       0.766698      0.003161
-----------
[5.0, 17.0, 5.287439371779728, 0.6446691160646578, 0.407583809701451, 2.023344245301038, 0.012291901733646476, 14.449175235085729, 9.311629606262882]
ntrees:  1723
      train-auc-mean  train-auc-std  test-auc-mean  test-auc-std
1722        0.798029        0.00084       0.766474       0.00273
-----------
[7.0, 8.200000000000001, 4.764224942544885, 0.5344226075508688, 0.21859980946011906, 2.023344245301038, 0.012291901733646476, 14.449175235085729, 4.490145582830857]
ntrees:  1618
      train-auc-mean  train-auc-std  test-auc-mean  test-auc-std
1617          0.8036       0.000902       0.766197      0.002902
-----------
[5.0, 2.2, 0.0, 0.8, 0.407583809701451, 3.183129322805333, 0.012291901733646476, 14.449175235085729, 9.311629606262882]
ntrees:  1556
      train-auc-mean  train-auc-std  test-auc-mean  test-auc-std
1555        0.811292       0.000677       0.766576      0.003092
-----------
[5.0, 0.9, 1.7452543838963088, 0.8, 0.407583809701451, 3.183129322805333, 0.012291901733646476, 14.449175235085729, 9.311629606262882]
ntrees:  1556
      train-auc-mean  train-auc-std  test-auc-mean  test-auc-std
1555        0.810753       0.000642       0.766576      0.003084
-----------
[10.0, 14.0, 0.23976098806252732, 0.667879662203732, 0.8323038440052193, 16.040679863945996, 0.0699306749729818, 16.184059102530824, 5.43466861785774]
ntrees:  59
    train-auc-mean  train-auc-std  test-auc-mean  test-auc-std
58        0.864978       0.000672       0.758623      0.002398
-----------
[19.0, 4.0, 1.3060320397946201, 0.5386557427834849, 0.5847607664477723, 10.104707142210568, 0.4634523038992264, 16.373567761899455, 2.3700761003596043]
ntrees:  5
   train-auc-mean  train-auc-std  test-auc-mean  test-auc-std
4        0.846483       0.001536       0.730767      0.003067
-----------
[15.0, 2.0, 15.123643293262067, 0.7695450502033337, 0.5221194834592859, 29.24674976626887, 0.44899945927219986, 85.30670527037786, 8.222481443586435]
ntrees:  9
   train-auc-mean  train-auc-std  test-auc-mean  test-auc-std
8        0.797298       0.001598       0.752032      0.002951
-----------
[5.0, 1.0, 9.371597837734349, 0.7793937408482913, 0.8701471056213861, 14.312720009079468, 0.4785055649773605, 86.20634209451066, 4.39592451775408]
ntrees:  28
    train-auc-mean  train-auc-std  test-auc-mean  test-auc-std
27        0.788541       0.000627       0.758685      0.002711
-----------
[3.0, 6.0, 16.78661884474934, 0.47973581944714466, 0.45508691871455836, 1.390070781050413, 0.3662540365652756, 72.23552857734093, 8.680638983370704]
ntrees:  199
     train-auc-mean  train-auc-std  test-auc-mean  test-auc-std
198        0.758629       0.000519         0.7556      0.002296
-----------
[23.0, 4.0, 10.639780596042351, 0.977257306495483, 0.9930197385661464, 7.111381113934305, 0.07795671010232229, 78.60239087558072, 5.235227715500575]
ntrees:  138
     train-auc-mean  train-auc-std  test-auc-mean  test-auc-std
137         0.84123        0.00151       0.762889      0.002611
-----------
[3.0, 22.0, 1.5511473964630218, 0.6314366113375297, 0.7745029924397747, 2.8269997620246174, 0.02523897647285968, 74.56945127636153, 2.664873168307894]
ntrees:  2000
      train-auc-mean  train-auc-std  test-auc-mean  test-auc-std
1999        0.783598       0.000742       0.765616      0.002906
-----------
[11.0, 16.0, 8.095295598807688, 0.45601554396865107, 0.9012770591437037, 26.456693686758893, 0.351091148415907, 5.21396653823466, 8.840520337570249]
ntrees:  7
   train-auc-mean  train-auc-std  test-auc-mean  test-auc-std
6        0.807351       0.002368       0.738345      0.003922
-----------
[7.0, 10.0, 14.577419038971719, 0.5232120131534673, 0.6243265957650751, 3.3351885839858464, 0.020029820694635176, 28.622288700162922, 6.428184168906802]
ntrees:  1412
      train-auc-mean  train-auc-std  test-auc-mean  test-auc-std
1411        0.793492        0.00092       0.765882       0.00277
-----------
[11.0, 10.0, 6.573467355162263, 0.7087390215596732, 0.449722998751503, 16.00316244692005, 0.18372709339058327, 15.000610655603596, 2.2756170008494916]
ntrees:  18
    train-auc-mean  train-auc-std  test-auc-mean  test-auc-std
17        0.854398       0.001668       0.753041      0.002513
-----------
[23.0, 24.0, 3.354593342455323, 0.8641169914956698, 0.7733824908837323, 21.85879000016889, 0.09450649113058335, 88.83849070140232, 3.0578924450605003]
ntrees:  72
    train-auc-mean  train-auc-std  test-auc-mean  test-auc-std
71        0.869771       0.001285       0.760913      0.002438
-----------
[1.0, 6.0, 15.431085519065935, 0.7501477003309898, 0.8222441316170106, 3.501063577156593, 0.33798807780107637, 30.827970136925952, 3.3883354965209165]
ntrees:  973
     train-auc-mean  train-auc-std  test-auc-mean  test-auc-std
972        0.765769       0.000788       0.760559      0.001803
-----------
[18.0, 2.0, 3.0015895531327486, 0.8159848576462061, 0.616031051806565, 14.086882291928475, 0.03983803922088689, 39.130969657578305, 9.974892529049228]
ntrees:  145
     train-auc-mean  train-auc-std  test-auc-mean  test-auc-std
144        0.920459       0.000681        0.76078        0.0027
-----------
[19.0, 2.0, 8.855488959388707, 0.4111447994848071, 0.44350520780951597, 20.820720811751, 0.15068757720454992, 64.07100682061143, 9.004945434951878]
ntrees:  41
    train-auc-mean  train-auc-std  test-auc-mean  test-auc-std
40        0.814155       0.000895       0.756898       0.00254
-----------
[7.0, 1.0, 5.04484953960024, 0.6282870433148342, 0.5265324713937629, 25.705107199611202, 0.4805938080247448, 0.5945433658244847, 7.746905869473934]
ntrees:  4
   train-auc-mean  train-auc-std  test-auc-mean  test-auc-std
3        0.773537       0.001049       0.746191      0.002723
-----------
[3.0, 19.0, 13.016649007776937, 0.9579756833484376, 0.6468853062923857, 16.829153137880894, 0.26649631848001165, 34.51436146135208, 9.010820225201051]
ntrees:  147
     train-auc-mean  train-auc-std  test-auc-mean  test-auc-std
146        0.789069       0.000719       0.763323      0.002713
-----------
[21.0, 19.0, 9.138708923085971, 0.493625258931303, 0.9263727509388316, 20.030573781056283, 0.23911540554454663, 16.697070467709775, 5.162711364974348]
ntrees:  12
    train-auc-mean  train-auc-std  test-auc-mean  test-auc-std
11        0.845182       0.000575       0.745405      0.004914
-----------
[14.0, 17.0, 13.510667012721916, 0.651145727743514, 0.7532712312677818, 5.12701078263216, 0.0018071932941138653, 99.08800265147194, 1.9344083698275714]
ntrees:  2000
      train-auc-mean  train-auc-std  test-auc-mean  test-auc-std
1999        0.769649       0.000646       0.759433      0.002165
-----------
[21.0, 9.0, 1.7299830014674633, 0.6150337252374379, 0.5657792563777184, 25.924207066719315, 0.06712489564012955, 54.16754150286691, 6.463209722288982]
ntrees:  94
    train-auc-mean  train-auc-std  test-auc-mean  test-auc-std
93        0.884259       0.000835       0.759454      0.001553
-----------
[13.0, 18.0, 19.24208161107479, 0.8611044871805362, 0.7783278019831887, 21.034596469359546, 0.3607945516261294, 35.56704467290736, 4.266596517711077]
ntrees:  12
    train-auc-mean  train-auc-std  test-auc-mean  test-auc-std
11        0.842318       0.002114       0.751295      0.002761
-----------
[5.0, 1.0, 0.0, 0.8, 0.407583809701451, 2.023344245301038, 0.0324075706686796, 14.449175235085729, 9.311629606262882]
ntrees:  601
     train-auc-mean  train-auc-std  test-auc-mean  test-auc-std
600        0.806514       0.000975        0.76633      0.002978
-----------
[5.0, 2.2, 1.7452543838963088, 0.8, 0.407583809701451, 2.023344245301038, 0.012291901733646476, 14.449175235085729, 9.311629606262882]
ntrees:  1725
      train-auc-mean  train-auc-std  test-auc-mean  test-auc-std
1724        0.808519       0.000751       0.766822      0.002879
-----------
[5.0, 2.2, 0.0, 0.8, 0.407583809701451, 2.023344245301038, 0.012291901733646476, 14.449175235085729, 4.490145582830857]
ntrees:  1726
      train-auc-mean  train-auc-std  test-auc-mean  test-auc-std
1725        0.810897       0.000748        0.76683      0.002976
-----------
[5.0, 17.0, 0.0, 0.8, 0.407583809701451, 3.183129322805333, 0.012291901733646476, 14.449175235085729, 9.311629606262882]
ntrees:  2000
      train-auc-mean  train-auc-std  test-auc-mean  test-auc-std
1999        0.820212       0.000692       0.766611       0.00314
-----------
[5.0, 1.0, 3.650944360914263, 0.8, 0.407583809701451, 2.023344245301038, 0.012291901733646476, 14.449175235085729, 9.311629606262882]
ntrees:  1725
      train-auc-mean  train-auc-std  test-auc-mean  test-auc-std
1724        0.805085       0.000814       0.766801      0.002859
-----------
[5.0, 2.2, 0.0, 0.8, 0.2351661747274661, 2.023344245301038, 0.012291901733646476, 14.449175235085729, 4.490145582830857]
ntrees:  1833
      train-auc-mean  train-auc-std  test-auc-mean  test-auc-std
1832         0.80711       0.000777       0.766605       0.00289
-----------
[5.0, 17.0, 0.0, 0.8, 0.407583809701451, 2.023344245301038, 0.012291901733646476, 14.449175235085729, 9.311629606262882]
ntrees:  1726
      train-auc-mean  train-auc-std  test-auc-mean  test-auc-std
1725        0.808641       0.000746       0.766744      0.002754
-----------
[2.3, 1.0, 4.764224942544885, 0.8, 0.407583809701451, 2.023344245301038, 0.012291901733646476, 14.449175235085729, 9.311629606262882]
ntrees:  2000
      train-auc-mean  train-auc-std  test-auc-mean  test-auc-std
1999        0.769474       0.000639        0.76267      0.002119
-----------
[5.0, 1.0, 4.764224942544885, 0.8, 0.407583809701451, 1.352501185024272, 0.012291901733646476, 14.449175235085729, 9.311629606262882]
ntrees:  2000
      train-auc-mean  train-auc-std  test-auc-mean  test-auc-std
1999        0.792235       0.000865       0.766532      0.002728
-----------
[3.5, 1.0, 1.7452543838963088, 0.8, 0.407583809701451, 2.023344245301038, 0.012291901733646476, 14.449175235085729, 4.653898834277262]
ntrees:  2000
      train-auc-mean  train-auc-std  test-auc-mean  test-auc-std
1999        0.780255        0.00074       0.765369      0.002421
-----------
[5.0, 17.0, 0.0, 0.38983900164920066, 0.407583809701451, 2.023344245301038, 0.012291901733646476, 6.743531030199916, 9.311629606262882]
ntrees:  1363
      train-auc-mean  train-auc-std  test-auc-mean  test-auc-std
1362        0.801404       0.000653       0.766262      0.002664
-----------
[5.0, 1.0, 4.764224942544885, 0.8, 0.407583809701451, 2.023344245301038, 0.012291901733646476, 14.449175235085729, 4.490145582830857]
ntrees:  1725
      train-auc-mean  train-auc-std  test-auc-mean  test-auc-std
1724         0.80298       0.000798       0.766826      0.002825
-----------
[5.0, 17.0, 0.0, 0.8, 0.407583809701451, 2.1232267374038107, 0.012291901733646476, 14.449175235085729, 9.311629606262882]
ntrees:  1725
      train-auc-mean  train-auc-std  test-auc-mean  test-auc-std
1724        0.809224       0.000753       0.766795      0.002874
-----------
[5.0, 1.0, 4.764224942544885, 0.8, 0.407583809701451, 3.183129322805333, 0.012291901733646476, 14.449175235085729, 9.311629606262882]
ntrees:  1937
      train-auc-mean  train-auc-std  test-auc-mean  test-auc-std
1936        0.816006        0.00075       0.766698      0.003161
-----------
[5.0, 1.0, 0.0, 0.8, 0.407583809701451, 1.352501185024272, 0.012291901733646476, 14.449175235085729, 9.311629606262882]
ntrees:  1722
      train-auc-mean  train-auc-std  test-auc-mean  test-auc-std
1721         0.80392       0.000829       0.766693      0.002784
-----------
[5.0, 2.2, 0.0, 0.8, 0.407583809701451, 3.183129322805333, 0.012291901733646476, 14.449175235085729, 9.311629606262882]
ntrees:  1556
      train-auc-mean  train-auc-std  test-auc-mean  test-auc-std
1555        0.811292       0.000677       0.766576      0.003092
-----------
[5.0, 1.0, 0.0, 0.8, 0.21859980946011906, 1.352501185024272, 0.012291901733646476, 14.449175235085729, 4.490145582830857]
ntrees:  2000
      train-auc-mean  train-auc-std  test-auc-mean  test-auc-std
1999        0.802684       0.000808       0.766622       0.00284
-----------
[5.0, 0.9, 0.0, 0.8, 0.407583809701451, 1.352501185024272, 0.012291901733646476, 14.449175235085729, 9.311629606262882]
ntrees:  2000
      train-auc-mean  train-auc-std  test-auc-mean  test-auc-std
1999        0.809034        0.00083       0.766715      0.002783
-----------
[10.0, 16.0, 14.577419038971719, 0.9579756833484376, 0.9844155124055629, 11.619410237128086, 0.08431838163387177, 74.73341618354631, 3.8258655244601947]
ntrees:  132
     train-auc-mean  train-auc-std  test-auc-mean  test-auc-std
131        0.842523       0.000941       0.762715      0.002612
-----------
[19.0, 10.0, 6.573467355162263, 0.493625258931303, 0.6754355863947477, 6.434244975524884, 0.495449133230845, 56.20195056646467, 6.279196654169832]
ntrees:  6
   train-auc-mean  train-auc-std  test-auc-mean  test-auc-std
5        0.776894       0.000703       0.750451      0.002573
-----------
[15.0, 10.0, 3.354593342455323, 0.651145727743514, 0.4080704299527672, 20.584477467397225, 0.27129603209930586, 57.11886338110836, 6.6653021256548275]
ntrees:  16
    train-auc-mean  train-auc-std  test-auc-mean  test-auc-std
15        0.822387       0.001388       0.752474      0.002277
-----------
[5.0, 24.0, 15.431085519065935, 0.6150337252374379, 0.5264423678745029, 3.257120515843126, 0.1784795529178077, 19.64521972854587, 2.29588114576186]
ntrees:  162
     train-auc-mean  train-auc-std  test-auc-mean  test-auc-std
161        0.788392       0.001384       0.763662      0.002462
-----------
[3.0, 6.0, 3.0015895531327486, 0.8611044871805362, 0.4377999950763714, 9.69927803393176, 0.24687773781233469, 87.72555207348269, 6.8773454067929505]
ntrees:  179
     train-auc-mean  train-auc-std  test-auc-mean  test-auc-std
178        0.785347       0.000793       0.764228      0.003027
-----------
[23.0, 2.0, 8.855488959388707, 0.8323038440052193, 0.9266902142088047, 28.87218523590701, 0.07696310823104917, 73.03677769697396, 2.488974155092878]
ntrees:  76
    train-auc-mean  train-auc-std  test-auc-mean  test-auc-std
75        0.887745       0.001078       0.759952      0.002825
-----------
[3.0, 2.0, 5.04484953960024, 0.5847607664477723, 0.44831424656522445, 16.42964576336741, 0.401446471149959, 72.52590087738278, 1.8460791443697615]
ntrees:  107
     train-auc-mean  train-auc-std  test-auc-mean  test-auc-std
106        0.783014       0.000898       0.760756      0.003608
-----------
[11.0, 1.0, 13.016649007776937, 0.5221194834592859, 0.7104102575224838, 14.83837026210792, 0.18928514826214293, 77.08313883870075, 5.424623212398516]
ntrees:  37
    train-auc-mean  train-auc-std  test-auc-mean  test-auc-std
36        0.807588       0.000977       0.758869      0.002684
-----------
[7.0, 19.0, 9.138708923085971, 0.8701471056213861, 0.8315611724172874, 1.046911033124854, 0.42684876141133127, 99.7541590054742, 9.148883301629569]
ntrees:  269
     train-auc-mean  train-auc-std  test-auc-mean  test-auc-std
268        0.762505       0.000931       0.757926      0.002015
-----------
[11.0, 19.0, 13.510667012721916, 0.45508691871455836, 0.4517461429756537, 4.842929806740996, 0.23581984778164303, 57.846799671200145, 7.578414531742935]
ntrees:  119
     train-auc-mean  train-auc-std  test-auc-mean  test-auc-std
118        0.786877       0.000665       0.762298      0.002628
-----------
[23.0, 17.0, 1.7299830014674633, 0.9930197385661464, 0.6707630819019685, 21.90990380191934, 0.09330796788729322, 74.50849189868597, 3.630391261244414]
ntrees:  71
    train-auc-mean  train-auc-std  test-auc-mean  test-auc-std
70        0.895977       0.000877       0.759771      0.002715
-----------
[1.0, 9.0, 19.24208161107479, 0.7745029924397747, 0.8100838788638138, 5.693377139733939, 0.43571329427195044, 72.3509857368528, 2.6451183584867017]
ntrees:  481
     train-auc-mean  train-auc-std  test-auc-mean  test-auc-std
480        0.764132       0.000707       0.759626      0.001994
-----------
[18.0, 18.0, 8.929322073457733, 0.9012770591437037, 0.9111401489574732, 5.7483346509508415, 0.30196265558716606, 82.50229352387564, 9.953375506713325]
ntrees:  39
    train-auc-mean  train-auc-std  test-auc-mean  test-auc-std
38        0.820697       0.000887        0.76013      0.002227
-----------
[19.0, 10.0, 4.621858092782832, 0.6243265957650751, 0.7274997200940875, 25.73894452840958, 0.07172587593598848, 28.890419714754866, 2.979817320935991]
ntrees:  55
    train-auc-mean  train-auc-std  test-auc-mean  test-auc-std
54        0.885629       0.000577         0.7569      0.002141
-----------
[7.0, 3.0, 12.318168340111125, 0.449722998751503, 0.7937360092632335, 25.99983920740809, 0.11509870334279886, 26.738669958416892, 8.221300077323733]
ntrees:  61
    train-auc-mean  train-auc-std  test-auc-mean  test-auc-std
60        0.809209       0.000961       0.759707      0.003453
-----------
[3.0, 16.0, 12.646458028276374, 0.7733824908837323, 0.485386429985493, 21.94830328742887, 0.1334199347515486, 80.92350411048017, 5.088412894207494]
ntrees:  370
     train-auc-mean  train-auc-std  test-auc-mean  test-auc-std
369        0.789358       0.000761       0.764452      0.002858
-----------
[21.0, 24.0, 2.657860648238155, 0.8222441316170106, 0.9156732496562617, 23.79469335391841, 0.4986079302217294, 8.975952051957204, 3.4136916677261904]
ntrees:  4
   train-auc-mean  train-auc-std  test-auc-mean  test-auc-std
3        0.869925       0.001201        0.73266      0.001188
-----------
[14.0, 24.0, 19.2419102165161, 0.616031051806565, 0.8145088924695079, 22.625140870144843, 0.4448297524489986, 65.65687464233294, 8.16287205113765]
ntrees:  8
   train-auc-mean  train-auc-std  test-auc-mean  test-auc-std
7        0.791556       0.000848       0.750695      0.002893
-----------
[21.0, 17.0, 7.714553711250991, 0.44350520780951597, 0.4828825751178138, 2.5120502960880513, 0.37507844765194365, 64.20122648310789, 6.194363680217003]
ntrees:  155
     train-auc-mean  train-auc-std  test-auc-mean  test-auc-std
154        0.779441       0.000895       0.761552      0.003068
-----------
[13.0, 16.0, 1.867184798955035, 0.5265324713937629, 0.9560548744279276, 9.300463723047248, 0.44515547693059165, 78.57720476095012, 2.7881797915821243]
ntrees:  7
   train-auc-mean  train-auc-std  test-auc-mean  test-auc-std
6        0.787256       0.001153       0.751137      0.002821
-----------
[14.0, 19.0, 4.107067105115578, 0.6468853062923857, 0.9386767045357113, 5.350177090125043, 0.23179921901357775, 79.40882323291419, 2.5841010207929282]
ntrees:  33
    train-auc-mean  train-auc-std  test-auc-mean  test-auc-std
32        0.812011       0.001118       0.758378      0.002146
-----------
[4.0, 4.0, 10.29130071865577, 0.9263727509388316, 0.9741549879487301, 26.763162303406673, 0.05280775294932868, 28.68824159352128, 8.014007936072389]
ntrees:  456
     train-auc-mean  train-auc-std  test-auc-mean  test-auc-std
455        0.802404       0.000561       0.764485      0.002638
-----------
[2.0, 10.0, 15.470566383188993, 0.7532712312677818, 0.8391832102989286, 9.940111339708526, 0.30390462793580025, 76.12276506397399, 5.979679751252634]
ntrees:  223
     train-auc-mean  train-auc-std  test-auc-mean  test-auc-std
222        0.777328        0.00088       0.763461      0.003629
-----------
[1.0, 2.0, 11.671590011032993, 0.5657792563777184, 0.49253311835950575, 12.34798120069771, 0.18211462914864748, 59.98829229613354, 5.2436859425508855]
ntrees:  715
     train-auc-mean  train-auc-std  test-auc-mean  test-auc-std
714        0.767661       0.000661       0.761112      0.002154
-----------
[6.0, 21.0, 13.866161921540204, 0.7783278019831887, 0.42914506189121404, 19.580591977977313, 0.22802482583636968, 85.86334081720078, 8.755163533910729]
ntrees:  75
    train-auc-mean  train-auc-std  test-auc-mean  test-auc-std
74        0.803156       0.000717        0.76197      0.002951
-----------
[4.0, 20.0, 0.3714933161602363, 0.7111864799437103, 0.8209512806604091, 1.1724175760891007, 0.013218414570377174, 11.239292775128396, 5.804234753582357]
ntrees:  2000
      train-auc-mean  train-auc-std  test-auc-mean  test-auc-std
1999        0.797552        0.00081       0.766538      0.002633
-----------
[22.0, 7.0, 7.6095681104944735, 0.5883732512181497, 0.42288154792942106, 11.009164823792105, 0.33712866707135347, 37.53164981356822, 6.399214811900771]
ntrees:  10
   train-auc-mean  train-auc-std  test-auc-mean  test-auc-std
9        0.809259       0.001105       0.750734      0.002527
