-----------
[5.0, 1.0, 0.0, 0.8, 0.407583809701451, 2.023344245301038, 0.012291901733646476, 14.449175235085729, 9.311629606262882]
ntrees:  1605
      train-auc-mean  train-auc-std  test-auc-mean  test-auc-std
1604         0.80749       0.000696       0.766183      0.002614
-----------
[24.0, 5.0, 18.792383920789256, 0.81293834809156, 0.6604013079138303, 28.747911005639992, 0.2643359773914824, 68.44439356413945, 7.441227998160239]
ntrees:  23
    train-auc-mean  train-auc-std  test-auc-mean  test-auc-std
22        0.842644       0.000834       0.754132      0.001395
-----------
[2.0, 13.0, 6.191960479735014, 0.8089071564189014, 0.738369972471647, 10.315320151889015, 0.2800407318385684, 48.574533532739586, 3.7069930502528843]
ntrees:  233
     train-auc-mean  train-auc-std  test-auc-mean  test-auc-std
232        0.778855        0.00069       0.763822      0.002499
-----------
[24.0, 1.0, 19.86112400372398, 0.5659698138814572, 0.7179551095289372, 26.129018654669512, 0.3649813868395766, 21.51052194512323, 9.46521074668596]
ntrees:  6
   train-auc-mean  train-auc-std  test-auc-mean  test-auc-std
5        0.809814       0.001375       0.744332      0.003366
-----------
[17.0, 9.0, 13.231565649938386, 0.6375781841952651, 0.6034964077151955, 6.188476965407307, 0.09046154686668344, 72.59578150409897, 9.591810707336533]
ntrees:  228
     train-auc-mean  train-auc-std  test-auc-mean  test-auc-std
227        0.805663       0.001049       0.763423      0.002512
-----------
[24.0, 16.0, 6.1297544561853385, 0.9249279448488427, 0.9233475859923533, 13.718070272948804, 0.3382626684941072, 76.2167229079253, 2.6348808935288917]
ntrees:  9
   train-auc-mean  train-auc-std  test-auc-mean  test-auc-std
8        0.822825       0.001101       0.753379      0.002347
-----------
[16.0, 16.0, 10.046451729114771, 0.6576851943195576, 0.4914119715531371, 13.068485702822786, 0.02128768891558083, 93.29157756189095, 7.97699341964011]
ntrees:  499
     train-auc-mean  train-auc-std  test-auc-mean  test-auc-std
498        0.822468       0.000654       0.763798      0.002599
-----------
[23.0, 6.0, 6.337822903149486, 0.8796805040428876, 0.6359272533256741, 2.212017784297057, 0.05932372830220586, 50.317444923351104, 5.899661246471556]
ntrees:  588
     train-auc-mean  train-auc-std  test-auc-mean  test-auc-std
587        0.806433       0.001136       0.765591      0.002758
-----------
[3.0, 13.0, 16.355172471867355, 0.6672746968072611, 0.8485016433688566, 26.38094925544257, 0.46901260754442153, 97.1615899952586, 3.6922434359467164]
ntrees:  75
    train-auc-mean  train-auc-std  test-auc-mean  test-auc-std
74        0.780616        0.00113       0.759692      0.002585
-----------
[22.0, 8.0, 18.85894945269357, 0.42605456914793277, 0.9529144352089378, 21.066591764453364, 0.34223715149551315, 25.792368757718577, 1.009507707871692]
ntrees:  4
   train-auc-mean  train-auc-std  test-auc-mean  test-auc-std
3        0.782055       0.000505       0.744222      0.004399
-----------
[12.0, 7.0, 3.524029653560443, 0.4043622325611004, 0.6660113370544818, 10.660687929594236, 0.3628850034798395, 86.57044782515999, 1.896240321538739]
ntrees:  10
   train-auc-mean  train-auc-std  test-auc-mean  test-auc-std
9        0.779818       0.000394       0.752856      0.002311
-----------
[22.0, 8.0, 11.404022361260068, 0.9789193509607282, 0.5468142986328811, 19.781076332075212, 0.3581491546069825, 64.55854938476246, 8.06749494898535]
ntrees:  10
   train-auc-mean  train-auc-std  test-auc-mean  test-auc-std
9        0.823775       0.001155       0.754518      0.001995
-----------
[19.0, 9.0, 13.799839565314581, 0.9754469033015876, 0.9908043366485527, 23.97613848010315, 0.1530706820419342, 93.19309640673113, 3.1893134903013483]
ntrees:  35
    train-auc-mean  train-auc-std  test-auc-mean  test-auc-std
34        0.848161       0.001834       0.759262      0.002278
-----------
[18.0, 3.0, 5.968314828939125, 0.9308201629515471, 0.7288015901741592, 7.952386027760207, 0.1396435619626427, 27.24018852047618, 4.392243833987792]
ntrees:  41
    train-auc-mean  train-auc-std  test-auc-mean  test-auc-std
40        0.922965       0.000376       0.755796      0.002762
-----------
[20.0, 9.0, 16.13329195733155, 0.4209324112554276, 0.8960011631665159, 24.421271758499834, 0.16037946657200106, 16.62112256598324, 8.515718369151621]
ntrees:  16
    train-auc-mean  train-auc-std  test-auc-mean  test-auc-std
15        0.825433       0.001285       0.751218      0.003729
-----------
[7.0, 10.0, 18.37844772248072, 0.6378249063961807, 0.845383135289373, 12.16611059647186, 0.02245773275655486, 11.048643339930065, 3.086179792079564]
ntrees:  345
     train-auc-mean  train-auc-std  test-auc-mean  test-auc-std
344        0.830168       0.000872       0.764006      0.002469
-----------
[13.0, 18.0, 12.516181220802562, 0.46258892701473775, 0.9215885072209947, 25.005228964172947, 0.4765293720203455, 0.9741147309718978, 9.962539734044437]
ntrees:  3
   train-auc-mean  train-auc-std  test-auc-mean  test-auc-std
2        0.790803       0.002121       0.730526      0.003175
-----------
[13.0, 20.0, 4.731186712081672, 0.8414575932127003, 0.885562466078245, 1.4627076874452323, 0.1981313769828891, 87.42213148003309, 8.79544455713986]
ntrees:  521
     train-auc-mean  train-auc-std  test-auc-mean  test-auc-std
520        0.781737       0.000928        0.76371      0.002806
-----------
[22.0, 1.0, 17.861391237854264, 0.9927208036242987, 0.7426416620658525, 21.831635541177658, 0.16261345631120874, 40.0440777344104, 5.155180644997131]
ntrees:  33
    train-auc-mean  train-auc-std  test-auc-mean  test-auc-std
32          0.8858       0.000779       0.756749      0.003194
-----------
[22.0, 16.0, 8.636868919432574, 0.8555362515186885, 0.6437633167778631, 27.829078930240637, 0.3569072847839035, 5.707010862332873, 5.022838173590415]
ntrees:  8
   train-auc-mean  train-auc-std  test-auc-mean  test-auc-std
7        0.918897       0.000595        0.73817      0.001293
-----------
[9.0, 7.0, 2.9095167097658026, 0.45265457763453054, 0.9087405295737386, 12.617845395658254, 0.3693739868828752, 45.434595234170004, 7.118943274156848]
ntrees:  8
   train-auc-mean  train-auc-std  test-auc-mean  test-auc-std
7        0.787122       0.000568       0.751803      0.003209
-----------
[23.0, 18.0, 0.8417051671847897, 0.8889194785441739, 0.6969936755726223, 8.928513112523838, 0.43704903020063773, 24.253901095882746, 7.757740036781655]
ntrees:  6
   train-auc-mean  train-auc-std  test-auc-mean  test-auc-std
5        0.858905       0.001243       0.742785      0.002316
-----------
[3.0, 6.0, 19.200897042031993, 0.8646200950456171, 0.826888944797852, 29.047680482517258, 0.25830503782908, 9.151078079542064, 6.350436842267586]
ntrees:  110
     train-auc-mean  train-auc-std  test-auc-mean  test-auc-std
109        0.783863       0.000837       0.762037      0.002162
-----------
[8.0, 23.0, 4.045412456024426, 0.5144293044617808, 0.6335268927985616, 10.198895459202518, 0.015746820799946507, 2.482891978855195, 2.15990855729455]
ntrees:  399
     train-auc-mean  train-auc-std  test-auc-mean  test-auc-std
398        0.845028        0.00093       0.763444      0.002414
-----------
[22.0, 20.0, 2.4020933061192906, 0.8176297507346861, 0.6443472494706978, 18.84169652234519, 0.2869438940761901, 98.7738901539129, 1.3531025083601915]
ntrees:  14
    train-auc-mean  train-auc-std  test-auc-mean  test-auc-std
13        0.815311       0.000875       0.755741      0.002552
-----------
[18.0, 14.0, 6.821433049914278, 0.8770584259511747, 0.8589048987097474, 13.719233985132224, 0.49355345208381235, 6.002935986703295, 3.695465508530633]
ntrees:  5
   train-auc-mean  train-auc-std  test-auc-mean  test-auc-std
4        0.914518       0.001521       0.730033      0.001812
-----------
[17.0, 6.0, 17.03706765771106, 0.9569034300343489, 0.864794906986561, 26.69400320645659, 0.3972026067770076, 41.32929412108274, 2.71051769276278]
ntrees:  4
   train-auc-mean  train-auc-std  test-auc-mean  test-auc-std
3        0.805745       0.001294       0.748227      0.002113
-----------
[17.0, 3.0, 16.840939284308135, 0.5777802617339929, 0.6674905017039774, 27.73281916401563, 0.22925197791351998, 26.864808833489707, 1.8133615624805088]
ntrees:  8
   train-auc-mean  train-auc-std  test-auc-mean  test-auc-std
7         0.80709       0.001321       0.748273      0.002566
-----------
[12.0, 22.0, 3.0494858877730047, 0.8142987598625063, 0.4179914610120564, 18.402115280069385, 0.13390368525768415, 55.22291253835602, 5.841591187643537]
ntrees:  49
    train-auc-mean  train-auc-std  test-auc-mean  test-auc-std
48        0.852783       0.001163       0.760021      0.002439
-----------
[18.0, 4.0, 12.172478595451235, 0.46652108162951517, 0.6550170667917602, 29.186665430783105, 0.3099209911882478, 29.878632455846887, 1.9398811666078237]
ntrees:  4
   train-auc-mean  train-auc-std  test-auc-mean  test-auc-std
3         0.77993       0.001013         0.7467      0.002838
-----------
[1.0, 5.0, 11.8681784660655, 0.9429652266779164, 0.41134793126913927, 13.428173234740981, 0.2903926764817892, 4.0303564625743356, 1.0271384629279812]
ntrees:  573
     train-auc-mean  train-auc-std  test-auc-mean  test-auc-std
572        0.768519       0.000606       0.760996      0.001989
-----------
[12.0, 9.0, 8.401100601060339, 0.5267055205996775, 0.7545229986782582, 9.260448565874228, 0.45083151459898296, 98.15714175087629, 6.477940073309603]
ntrees:  9
   train-auc-mean  train-auc-std  test-auc-mean  test-auc-std
8        0.779514       0.001625       0.754677      0.002025
-----------
[5.0, 8.0, 9.32959983384254, 0.7922833527119009, 0.47259714031283284, 3.3171122800218873, 0.3771387257778108, 89.28939160143092, 8.43158932864802]
ntrees:  246
     train-auc-mean  train-auc-std  test-auc-mean  test-auc-std
245         0.78353       0.001282       0.763028      0.003151
-----------
[19.0, 5.0, 1.6492936747773035, 0.9773985709670578, 0.4478095968575062, 9.702131002214076, 0.09664779326864639, 12.633633928373788, 1.0735023148462925]
ntrees:  37
    train-auc-mean  train-auc-std  test-auc-mean  test-auc-std
36        0.959409       0.000694       0.753605      0.002321
-----------
[2.0, 18.0, 19.682994067126195, 0.43998439561731706, 0.8261708568430937, 6.602793760795621, 0.36561458913274714, 26.923884760589843, 6.517390655281216]
ntrees:  124
     train-auc-mean  train-auc-std  test-auc-mean  test-auc-std
123        0.772991       0.000722       0.761025      0.002339
-----------
[14.0, 9.0, 15.501749568360609, 0.5755326318874923, 0.6520134920961929, 25.13766342861369, 0.06926594771228431, 87.64285706527238, 8.71949308502015]
ntrees:  118
     train-auc-mean  train-auc-std  test-auc-mean  test-auc-std
117        0.827904        0.00053       0.761369       0.00274
-----------
[4.0, 19.0, 16.679821669408575, 0.7004204431052288, 0.8999080432827162, 28.634045415512375, 0.43121397968020386, 75.5055497870912, 7.667452910737397]
ntrees:  34
    train-auc-mean  train-auc-std  test-auc-mean  test-auc-std
33        0.780319       0.000362        0.75968      0.002769
-----------
[7.0, 12.0, 3.894335252099612, 0.6399206471992034, 0.877415616389916, 17.13125303493835, 0.1374084534283136, 69.81234493727166, 1.5460941628362102]
ntrees:  66
    train-auc-mean  train-auc-std  test-auc-mean  test-auc-std
65        0.813524       0.000819        0.76214      0.002666
-----------
[16.0, 24.0, 13.969167117015054, 0.776402696388214, 0.8434115911834233, 14.778540662163469, 0.22103174327632608, 52.54368304381357, 1.0575901411950523]
ntrees:  19
    train-auc-mean  train-auc-std  test-auc-mean  test-auc-std
18        0.829307       0.000389       0.756393      0.002015
-----------
[9.0, 7.0, 18.072467361644733, 0.6747538657769799, 0.8496530127080919, 18.187222053820477, 0.20013102886224296, 78.56418571831135, 6.871242276592428]
ntrees:  38
    train-auc-mean  train-auc-std  test-auc-mean  test-auc-std
37        0.809518       0.000837       0.759584      0.002583
-----------
[6.0, 4.0, 13.287582769196524, 0.7849222556121802, 0.40117222418860954, 23.036054109908278, 0.48675044479381196, 17.23892047243276, 4.407764864570625]
ntrees:  10
   train-auc-mean  train-auc-std  test-auc-mean  test-auc-std
9        0.781947       0.001125       0.754405      0.002535
-----------
[1.0, 7.0, 13.744130995159189, 0.7178353174015027, 0.9064137652589639, 13.253184250661404, 0.326264715598002, 72.70670344993498, 9.526584192691024]
ntrees:  465
     train-auc-mean  train-auc-std  test-auc-mean  test-auc-std
464        0.768307       0.000621       0.761502      0.002274
-----------
[16.0, 20.0, 13.546682842767353, 0.7856753090236714, 0.8525604638134759, 19.887777414051033, 0.11615741911136931, 74.77566239013443, 5.393281696602726]
ntrees:  45
    train-auc-mean  train-auc-std  test-auc-mean  test-auc-std
44        0.834927       0.000685       0.759846      0.002109
-----------
[24.0, 13.0, 16.466964461324253, 0.9969255412499676, 0.81176702015585, 22.964625337730443, 0.26614083727493865, 85.25472361826074, 5.149272014986009]
ntrees:  20
    train-auc-mean  train-auc-std  test-auc-mean  test-auc-std
19          0.8377        0.00108       0.756571       0.00257
-----------
[14.0, 8.0, 16.63795595137633, 0.643260628727299, 0.5682850062583923, 7.694829769452254, 0.3174137702309541, 64.48320207563293, 6.405825208341624]
ntrees:  23
    train-auc-mean  train-auc-std  test-auc-mean  test-auc-std
22        0.786181       0.000613       0.758521        0.0021
-----------
[24.0, 3.0, 2.0920819050812645, 0.9544494141005895, 0.4773743765220717, 3.159329471296334, 0.2118978325031848, 10.926344309993574, 3.4169879463855963]
ntrees:  9
   train-auc-mean  train-auc-std  test-auc-mean  test-auc-std
8        0.852591       0.002346       0.751386      0.001897
-----------
[23.0, 9.0, 16.962218505239285, 0.656687458789939, 0.42212077620378097, 16.401817698456014, 0.02792530793502359, 11.921535179656551, 7.073657653005404]
ntrees:  207
     train-auc-mean  train-auc-std  test-auc-mean  test-auc-std
206        0.906707        0.00051       0.761704      0.002935
-----------
[11.0, 21.0, 19.950021817718596, 0.43919761400179613, 0.4506620758182124, 10.964188364004622, 0.14979785732406156, 66.13767667229402, 5.8228021333706925]
ntrees:  61
    train-auc-mean  train-auc-std  test-auc-mean  test-auc-std
60        0.785306       0.000761        0.76095      0.002522
-----------
[21.0, 4.0, 7.228017882777844, 0.8079677619717889, 0.43509177002633037, 19.298646804657505, 0.4023928576371664, 23.08297534547419, 4.853435902450114]
ntrees:  5
   train-auc-mean  train-auc-std  test-auc-mean  test-auc-std
4        0.842616       0.001556       0.740914        0.0023
-----------
[2.0, 16.0, 15.35966994498509, 0.6544358330466407, 0.5659010738101922, 20.57581965531478, 0.08454223472481961, 36.34239360574648, 4.519229090321804]
ntrees:  733
     train-auc-mean  train-auc-std  test-auc-mean  test-auc-std
732        0.779013        0.00067        0.76361      0.002579
-----------
[5.0, 1.0, 0.0, 0.8, 0.407583809701451, 2.023344245301038, 0.036473903077842956, 11.048643339930065, 3.086179792079564]
ntrees:  428
     train-auc-mean  train-auc-std  test-auc-mean  test-auc-std
427        0.803444        0.00069       0.765853      0.002267
-----------
[7.0, 10.0, 18.37844772248072, 0.6378249063961807, 0.845383135289373, 12.16611059647186, 0.012291901733646476, 14.449175235085729, 9.311629606262882]
ntrees:  822
     train-auc-mean  train-auc-std  test-auc-mean  test-auc-std
821        0.836551       0.000739       0.764577      0.002441
-----------
[5.0, 13.0, 6.191960479735014, 0.8089071564189014, 0.738369972471647, 10.315320151889015, 0.2800407318385684, 48.574533532739586, 3.7069930502528843]
ntrees:  52
    train-auc-mean  train-auc-std  test-auc-mean  test-auc-std
51        0.798156        0.00116       0.761603      0.002953
-----------
[2.0, 1.0, 0.0, 0.8, 0.407583809701451, 2.023344245301038, 0.012291901733646476, 14.449175235085729, 9.311629606262882]
ntrees:  2000
      train-auc-mean  train-auc-std  test-auc-mean  test-auc-std
1999        0.769639        0.00048       0.762833      0.001986
-----------
[5.0, 2.2, 0.0, 0.8, 0.407583809701451, 13.068485702822786, 0.02128768891558083, 93.29157756189095, 7.97699341964011]
ntrees:  1189
      train-auc-mean  train-auc-std  test-auc-mean  test-auc-std
1188        0.807105       0.000581       0.765513      0.002647
-----------
[16.0, 16.0, 10.046451729114771, 0.6576851943195576, 0.4914119715531371, 3.183129322805333, 0.012291901733646476, 14.449175235085729, 9.311629606262882]
ntrees:  826
     train-auc-mean  train-auc-std  test-auc-mean  test-auc-std
825        0.828466       0.000778       0.765179      0.002698
-----------
[5.0, 1.0, 1.7452543838963088, 0.8414575932127003, 0.885562466078245, 1.4627076874452323, 0.1981313769828891, 87.42213148003309, 8.79544455713986]
ntrees:  363
     train-auc-mean  train-auc-std  test-auc-mean  test-auc-std
362        0.791853       0.000912       0.764927      0.003267
-----------
[13.0, 20.0, 4.731186712081672, 0.8, 0.407583809701451, 2.023344245301038, 0.012291901733646476, 14.449175235085729, 9.311629606262882]
ntrees:  884
     train-auc-mean  train-auc-std  test-auc-mean  test-auc-std
883        0.832318       0.000659       0.765434       0.00273
-----------
[5.0, 1.0, 0.0, 0.8, 0.2351661747274661, 20.57581965531478, 0.08454223472481961, 36.34239360574648, 4.519229090321804]
ntrees:  171
     train-auc-mean  train-auc-std  test-auc-mean  test-auc-std
170        0.796952       0.000664       0.764221      0.002174
-----------
[2.0, 16.0, 15.35966994498509, 0.6544358330466407, 0.5659010738101922, 2.023344245301038, 0.012291901733646476, 14.449175235085729, 9.311629606262882]
ntrees:  2000
      train-auc-mean  train-auc-std  test-auc-mean  test-auc-std
1999        0.766267       0.000571       0.761524      0.001842
-----------
[2.3, 1.0, 0.0, 0.5144293044617808, 0.6335268927985616, 10.198895459202518, 0.015746820799946507, 2.482891978855195, 2.15990855729455]
ntrees:  2000
      train-auc-mean  train-auc-std  test-auc-mean  test-auc-std
1999        0.773623       0.000537        0.76308      0.001972
-----------
[8.0, 23.0, 4.045412456024426, 0.8, 0.407583809701451, 2.023344245301038, 0.012291901733646476, 14.449175235085729, 9.311629606262882]
ntrees:  978
     train-auc-mean  train-auc-std  test-auc-mean  test-auc-std
977        0.818535       0.000888       0.765837      0.002712
-----------
[5.0, 1.0, 0.0, 0.8, 0.407583809701451, 2.023344245301038, 0.012291901733646476, 72.59578150409897, 9.591810707336533]
ntrees:  2000
      train-auc-mean  train-auc-std  test-auc-mean  test-auc-std
1999        0.786736       0.000707       0.765359      0.002427
-----------
[17.0, 9.0, 13.231565649938386, 0.6375781841952651, 0.6034964077151955, 6.188476965407307, 0.09046154686668344, 14.449175235085729, 9.311629606262882]
ntrees:  59
    train-auc-mean  train-auc-std  test-auc-mean  test-auc-std
58        0.849055       0.001362       0.760113      0.002382
-----------
[23.0, 6.0, 6.337822903149486, 0.6378249063961807, 0.845383135289373, 5.409607725492601, 0.02245773275655486, 11.048643339930065, 3.086179792079564]
ntrees:  228
     train-auc-mean  train-auc-std  test-auc-mean  test-auc-std
227        0.934225       0.000376        0.76101      0.002812
