-----------
[5.0, 1.0, 0.0, 0.8, 0.407583809701451, 2.023344245301038, 0.012291901733646476, 14.449175235085729, 9.311629606262882]
ntrees:  1643
      train-auc-mean  train-auc-std  test-auc-mean  test-auc-std
1642        0.807605       0.000587       0.766312      0.002633
-----------
[10.0, 10.0, 1.7248714325217884, 0.7427131802866502, 0.6039438037740389, 15.370611011865211, 0.10573889522374182, 57.32582080010968, 5.858430743417141]
ntrees:  74
    train-auc-mean  train-auc-std  test-auc-mean  test-auc-std
73        0.855183       0.000937       0.761628      0.002226
-----------
[19.0, 23.0, 9.02543606339895, 0.5178713183712752, 0.7202136319103403, 25.0518094552125, 0.313527289799447, 86.27158046849648, 5.370442567898604]
ntrees:  15
    train-auc-mean  train-auc-std  test-auc-mean  test-auc-std
14        0.801835       0.001617       0.752218      0.002257
-----------
[15.0, 16.0, 13.669462628793791, 0.9263533124408961, 0.9049407511477394, 14.566839670173414, 0.10671729198971805, 64.10771143016521, 9.684718154524072]
ntrees:  70
    train-auc-mean  train-auc-std  test-auc-mean  test-auc-std
69          0.8608       0.001061       0.760538      0.002332
-----------
[5.0, 7.0, 17.038004965249105, 0.8382206661818437, 0.5873841575304584, 20.125406607410607, 0.018040874273787432, 38.0799648046665, 3.779547777640645]
ntrees:  930
     train-auc-mean  train-auc-std  test-auc-mean  test-auc-std
929        0.806755       0.000512       0.764962      0.002464
-----------
[3.0, 22.0, 10.916657336469582, 0.8351554052642967, 0.6482359151091973, 11.315572822379881, 0.34992204237824764, 78.13767039125901, 8.016782841965385]
ntrees:  83
    train-auc-mean  train-auc-std  test-auc-mean  test-auc-std
82        0.779568       0.000933       0.762369      0.002796
-----------
[23.0, 19.0, 13.124533642107782, 0.8624988330322045, 0.4365523428238695, 2.0581581812316054, 0.31580489439092163, 24.93318225415846, 5.396472332181269]
ntrees:  181
     train-auc-mean  train-auc-std  test-auc-mean  test-auc-std
180        0.786183       0.001135       0.763026      0.003083
-----------
[3.0, 18.0, 2.8462143328497658, 0.9985249540328451, 0.5384183211335847, 7.603278591511247, 0.4877228131833091, 47.465247340531555, 8.951110936531379]
ntrees:  67
    train-auc-mean  train-auc-std  test-auc-mean  test-auc-std
66        0.781715       0.000568       0.761828      0.003007
-----------
[11.0, 19.0, 17.18910832187539, 0.747080798027201, 0.7969996596594211, 5.801923732070135, 0.47682140321264377, 88.49939493375591, 4.290051191844796]
ntrees:  57
    train-auc-mean  train-auc-std  test-auc-mean  test-auc-std
56        0.789894        0.00095          0.759      0.002153
-----------
[7.0, 21.0, 13.816963082316928, 0.8470509513921158, 0.48707237737886205, 20.281526618697672, 0.3269733861018524, 12.993879545679576, 9.542534035844083]
ntrees:  16
    train-auc-mean  train-auc-std  test-auc-mean  test-auc-std
15        0.804969       0.001219       0.757284      0.002586
-----------
[11.0, 13.0, 2.762752503927126, 0.8341059144211169, 0.7440950739891462, 1.6162931452258111, 0.40153949708361597, 88.71624620891835, 2.703735843507795]
ntrees:  107
     train-auc-mean  train-auc-std  test-auc-mean  test-auc-std
106        0.793629       0.001485       0.762746      0.002504
-----------
[23.0, 15.0, 18.535162480930918, 0.8950137611432538, 0.7672849185468538, 16.80121374747227, 0.48006602639413776, 98.99917353283249, 2.9529061483779486]
ntrees:  10
   train-auc-mean  train-auc-std  test-auc-mean  test-auc-std
9        0.798582       0.000479       0.752766      0.001814
-----------
[1.0, 10.0, 17.955890151190374, 0.5733425182885292, 0.457244093602497, 4.355788987856544, 0.260146968957837, 1.3539538583839605, 3.3349428369307943]
ntrees:  513
     train-auc-mean  train-auc-std  test-auc-mean  test-auc-std
512        0.767392       0.000606       0.760837      0.002109
-----------
[18.0, 1.0, 19.138499598291002, 0.5604320197505014, 0.854382224225416, 18.245090456249702, 0.260296471472348, 15.33164613829624, 5.960264831067976]
ntrees:  11
    train-auc-mean  train-auc-std  test-auc-mean  test-auc-std
10        0.844227       0.001297       0.746505      0.002369
-----------
[19.0, 5.0, 14.63944034329762, 0.885541024662881, 0.9530066349943742, 13.814788291238749, 0.012606865075265282, 35.95898893498066, 7.121666884111579]
ntrees:  545
     train-auc-mean  train-auc-std  test-auc-mean  test-auc-std
544        0.899788       0.000592       0.762643      0.002445
-----------
[7.0, 9.0, 3.0844372786501917, 0.45385571231174326, 0.6214556050842772, 19.615524248709466, 0.008403913192235997, 78.64378984106155, 7.473439328941106]
ntrees:  1544
      train-auc-mean  train-auc-std  test-auc-mean  test-auc-std
1543        0.818046       0.000646       0.764579      0.002604
-----------
[3.0, 18.0, 0.971502063040468, 0.7939412478539977, 0.43489538038410974, 9.045767425288567, 0.12181840788588302, 64.20946008985656, 7.590358021792629]
ntrees:  374
     train-auc-mean  train-auc-std  test-auc-mean  test-auc-std
373        0.787732       0.000734       0.764295      0.002636
-----------
[21.0, 17.0, 14.031709355346973, 0.7852073588986473, 0.9203066604928253, 13.113191699230411, 0.04616441969272227, 27.113315082656186, 4.6092045064164715]
ntrees:  138
     train-auc-mean  train-auc-std  test-auc-mean  test-auc-std
137        0.901903       0.000664       0.761117      0.003007
-----------
[14.0, 21.0, 0.7627182643140351, 0.8714632285657007, 0.8423853796846466, 4.919433918168035, 0.26461396046045954, 58.131652133377266, 2.1724391063307213]
ntrees:  17
    train-auc-mean  train-auc-std  test-auc-mean  test-auc-std
16        0.816575       0.001423       0.758008       0.00192
-----------
[21.0, 13.0, 7.32373119801937, 0.8764529393974851, 0.8242259382249921, 13.441922559192388, 0.04379206877437187, 60.8161099133643, 8.559873025491154]
ntrees:  150
     train-auc-mean  train-auc-std  test-auc-mean  test-auc-std
149        0.881945       0.000614       0.761549      0.002198
-----------
[13.0, 17.0, 3.7477551555344024, 0.5721294495611277, 0.5074447145686174, 16.530846493175474, 0.1690240195058372, 51.121451021064956, 1.7465313445843664]
ntrees:  25
    train-auc-mean  train-auc-std  test-auc-mean  test-auc-std
24         0.82233       0.001201       0.757389      0.002785
-----------
[14.0, 23.0, 13.506536184411878, 0.856736590383844, 0.6770118598530823, 26.083427705115337, 0.017355377860796148, 95.91040992001831, 4.519680094530174]
ntrees:  602
     train-auc-mean  train-auc-std  test-auc-mean  test-auc-std
601        0.858199       0.000748       0.763688      0.002358
-----------
[4.0, 3.0, 1.5566348385125006, 0.7599297537768013, 0.6322643309857437, 9.906713257060893, 0.09014212372403199, 95.5235825194014, 8.703243486751614]
ntrees:  335
     train-auc-mean  train-auc-std  test-auc-mean  test-auc-std
334        0.794771       0.000527        0.76534      0.002559
-----------
[2.0, 16.0, 5.999502092366731, 0.9151800449032046, 0.83414674643488, 24.390675776385823, 0.02792380595953625, 78.44677369206214, 4.2868205910482065]
ntrees:  2000
      train-auc-mean  train-auc-std  test-auc-mean  test-auc-std
1999        0.776764       0.000587       0.763661      0.002464
-----------
[1.0, 9.0, 19.22219671441863, 0.4674357566507704, 0.5672089657216749, 29.346655044478393, 0.42278165593321626, 31.160106075790807, 2.363291238751296]
ntrees:  271
     train-auc-mean  train-auc-std  test-auc-mean  test-auc-std
270        0.765591       0.000863       0.759049      0.002104
-----------
[6.0, 18.0, 10.641135009218903, 0.6251898988814093, 0.8151712319955854, 4.540866917792522, 0.07287918933674872, 13.48705641694189, 9.232476472565754]
ntrees:  140
     train-auc-mean  train-auc-std  test-auc-mean  test-auc-std
139        0.806325       0.001067       0.764066      0.002693
-----------
[4.0, 15.0, 9.543703629039946, 0.588391034964013, 0.8394740811066257, 6.7477419384190265, 0.16854739055975027, 84.22992163631537, 4.004402496232199]
ntrees:  164
     train-auc-mean  train-auc-std  test-auc-mean  test-auc-std
163        0.787784       0.000456       0.763641      0.003002
-----------
[22.0, 11.0, 0.03235243663783027, 0.7519464436113221, 0.7508947493243565, 24.333390638491593, 0.3997415339776791, 82.70419065471405, 8.05659469729802]
ntrees:  9
   train-auc-mean  train-auc-std  test-auc-mean  test-auc-std
8        0.821138       0.001325        0.74951      0.002659
-----------
[16.0, 6.0, 2.6502964184420663, 0.7776868083769886, 0.49522960193852894, 11.970066760583158, 0.4575944511312854, 32.292736619210416, 4.931746795337079]
ntrees:  8
   train-auc-mean  train-auc-std  test-auc-mean  test-auc-std
7         0.85903        0.00176       0.742663      0.002476
-----------
[10.0, 13.0, 14.420623311668512, 0.486392076384124, 0.6468625089805754, 25.05851872577378, 0.4604608726659789, 5.9223684628641475, 2.8972851219651923]
ntrees:  4
   train-auc-mean  train-auc-std  test-auc-mean  test-auc-std
3         0.78705       0.002102       0.732944      0.004294
-----------
[10.0, 21.0, 3.2368118205061647, 0.7918230271195301, 0.9617505777519766, 9.814529898805889, 0.14347632449340086, 54.15958369763029, 7.778544153902312]
ntrees:  39
    train-auc-mean  train-auc-std  test-auc-mean  test-auc-std
38        0.836329       0.001103       0.759698      0.002141
-----------
[24.0, 19.0, 3.274713552379891, 0.49926494367285856, 0.9084775001416251, 16.895012531261404, 0.3499496776013203, 33.73846181844144, 5.7725895264121725]
ntrees:  7
   train-auc-mean  train-auc-std  test-auc-mean  test-auc-std
6        0.810222       0.001165       0.745243      0.001511
-----------
[6.0, 21.0, 17.061341054075573, 0.45640527629131744, 0.5436458592305609, 29.95928730642229, 0.033632698992043145, 49.73166941533431, 6.542052614286691]
ntrees:  429
     train-auc-mean  train-auc-std  test-auc-mean  test-auc-std
428        0.809451       0.000734       0.763594      0.002637
-----------
[2.0, 13.0, 17.24126841890213, 0.6949748808265677, 0.67095728448256, 21.956845644087803, 0.21651624032436956, 56.45590361775646, 2.2853793757728997]
ntrees:  312
     train-auc-mean  train-auc-std  test-auc-mean  test-auc-std
311        0.778924       0.000789        0.76289      0.002613
-----------
[2.0, 24.0, 14.447105715468187, 0.9432588867753047, 0.691350321081478, 10.636824184208617, 0.3839570189098388, 33.1738313136627, 8.855323732659258]
ntrees:  277
     train-auc-mean  train-auc-std  test-auc-mean  test-auc-std
276        0.783471       0.000604       0.763476      0.003499
-----------
[1.0, 16.0, 15.720478175116146, 0.8385609687828623, 0.5733381986374092, 2.553014886982057, 0.4564200432463977, 40.007965261309494, 2.573644178614647]
ntrees:  704
     train-auc-mean  train-auc-std  test-auc-mean  test-auc-std
703        0.762307       0.000675       0.758448      0.002115
-----------
[19.0, 10.0, 14.913890255272307, 0.5753594174162943, 0.5766699830465634, 23.45671953206664, 0.3535449878938165, 26.21114663496671, 2.3753349593567976]
ntrees:  5
   train-auc-mean  train-auc-std  test-auc-mean  test-auc-std
4        0.800778       0.000977       0.744007       0.00211
-----------
[19.0, 4.0, 1.042793307646932, 0.5096745572324468, 0.9533095590329029, 21.7573242228711, 0.20970689941651585, 63.81374564180739, 6.445488957351077]
ntrees:  16
    train-auc-mean  train-auc-std  test-auc-mean  test-auc-std
15        0.821919       0.000556       0.751947      0.001209
-----------
[17.0, 2.0, 5.724457740032585, 0.996891700447555, 0.5950793784521964, 11.056718435129238, 0.04517821520559429, 78.9039118091752, 4.912420330279042]
ntrees:  209
     train-auc-mean  train-auc-std  test-auc-mean  test-auc-std
208        0.877535       0.000567        0.76259      0.002347
-----------
[9.0, 4.0, 3.0001221311207193, 0.5319878213957328, 0.7545139086454942, 15.31239535138777, 0.36447154934194914, 81.11760942556019, 6.909581037529816]
ntrees:  10
   train-auc-mean  train-auc-std  test-auc-mean  test-auc-std
9        0.783977       0.000319       0.753995      0.002036
-----------
[18.0, 16.0, 17.767698140280466, 0.8814200051549155, 0.6650465868266309, 16.475999890792046, 0.2281205818368756, 70.46305404129295, 2.735066611610338]
ntrees:  22
    train-auc-mean  train-auc-std  test-auc-mean  test-auc-std
21        0.817078       0.000977        0.75924      0.002639
-----------
[10.0, 9.0, 6.165594027385191, 0.6725608596138329, 0.6760025261002827, 3.9835397493437723, 0.05689288339382577, 58.628797654606146, 9.353937956003069]
ntrees:  291
     train-auc-mean  train-auc-std  test-auc-mean  test-auc-std
290        0.819275       0.000817       0.764557      0.002774
-----------
[3.0, 5.0, 7.826193931515661, 0.5609127778484126, 0.5725685764578392, 18.92805001251347, 0.1165908518796972, 59.75941353973964, 3.8305434203663387]
ntrees:  322
     train-auc-mean  train-auc-std  test-auc-mean  test-auc-std
321        0.785991       0.000716       0.763535      0.002536
-----------
[16.0, 23.0, 12.814201364122287, 0.8775248034091767, 0.7776058096064378, 3.3413629110722356, 0.2944099464805434, 27.44638670941888, 1.9435192832453005]
ntrees:  33
    train-auc-mean  train-auc-std  test-auc-mean  test-auc-std
32        0.805244       0.000793       0.760322       0.00254
-----------
[24.0, 2.0, 0.11890867316489695, 0.7462909120144668, 0.769173040687771, 20.65953641910339, 0.32715226714126744, 67.22940408905818, 2.8901206053036246]
ntrees:  13
    train-auc-mean  train-auc-std  test-auc-mean  test-auc-std
12        0.860618       0.000474       0.748402      0.002302
-----------
[24.0, 4.0, 6.902872292270416, 0.5192119861054749, 0.4691186486139684, 22.047191721190433, 0.1563225031568528, 10.392121773932239, 4.767241846051916]
ntrees:  15
    train-auc-mean  train-auc-std  test-auc-mean  test-auc-std
14        0.872939       0.001088        0.74772      0.001165
-----------
[17.0, 23.0, 3.3394140935419547, 0.5056067347195285, 0.9097796090738146, 24.74288863775834, 0.04211384328963064, 4.515972611681196, 5.16247463635068]
ntrees:  107
     train-auc-mean  train-auc-std  test-auc-mean  test-auc-std
106        0.920632       0.000592       0.756691      0.002948
-----------
[16.0, 10.0, 19.81760053029439, 0.8676005290714925, 0.6551959968536858, 16.07143976353611, 0.20231318277292204, 98.018108970439, 7.269258739247687]
ntrees:  46
    train-auc-mean  train-auc-std  test-auc-mean  test-auc-std
45        0.813431       0.000763       0.760847      0.002454
-----------
[19.0, 19.0, 10.833508300573381, 0.731978650083509, 0.7561556332554475, 14.790472717320721, 0.4889655618421635, 94.0200964405222, 3.4246043597231672]
ntrees:  8
   train-auc-mean  train-auc-std  test-auc-mean  test-auc-std
7        0.794456       0.000984       0.751399      0.002102
-----------
[4.0, 1.0, 7.1134089345814715, 0.682912396170059, 0.8670214999814855, 16.800385049370362, 0.2724928621703415, 54.89530814150483, 5.808684803187672]
ntrees:  72
    train-auc-mean  train-auc-std  test-auc-mean  test-auc-std
71        0.789623       0.000528       0.761817      0.002886
-----------
[10.0, 22.0, 9.854819150794977, 0.9170109022607152, 0.44188402683973105, 29.585091138212956, 0.43644096878212907, 0.18947548283128057, 9.000626196313068]
ntrees:  7
   train-auc-mean  train-auc-std  test-auc-mean  test-auc-std
6        0.842389       0.001062        0.74135       0.00241
-----------
[2.0, 13.0, 3.044613556354676, 0.7202823169054904, 0.4997736159835636, 10.529564159192873, 0.2104532764529983, 23.272352426784447, 5.690115647639705]
ntrees:  284
     train-auc-mean  train-auc-std  test-auc-mean  test-auc-std
283         0.77847        0.00063       0.763197      0.002531
-----------
[21.0, 8.0, 16.04995876352541, 0.759947654126718, 0.9441447658269381, 13.772699793806478, 0.32710618996148705, 23.694875305076625, 7.024937071563631]
ntrees:  8
   train-auc-mean  train-auc-std  test-auc-mean  test-auc-std
7        0.840743        0.00081       0.747008      0.002581
-----------
[20.0, 16.0, 7.546498928342402, 0.6409577074919921, 0.7278048615121431, 23.47321579822895, 0.3770564669362458, 34.937512180405484, 5.34913964861843]
ntrees:  5
   train-auc-mean  train-auc-std  test-auc-mean  test-auc-std
4        0.803113        0.00103       0.744383      0.002762
-----------
[7.0, 3.0, 17.068086629712674, 0.7320127393915524, 0.8080152387190435, 21.753412592777437, 0.3508058438760891, 39.177278862679145, 7.4592331942255345]
ntrees:  13
    train-auc-mean  train-auc-std  test-auc-mean  test-auc-std
12        0.790234       0.000689        0.75691      0.002345
-----------
[10.0, 6.0, 9.411617145556834, 0.8313472987763358, 0.6364333243361621, 25.259679165785133, 0.35180308251481124, 84.98150681966382, 6.426139637957373]
ntrees:  13
    train-auc-mean  train-auc-std  test-auc-mean  test-auc-std
12        0.805745         0.0016       0.755001      0.003389
-----------
[5.0, 21.0, 3.6997181517953193, 0.8149158133753287, 0.9521579136189703, 27.524574872271863, 0.06071777286287417, 83.74222571780369, 6.7018832134636295]
ntrees:  301
     train-auc-mean  train-auc-std  test-auc-mean  test-auc-std
300        0.807666       0.000524        0.76418      0.002794
-----------
[1.0, 2.0, 17.423378527933885, 0.6539147195962396, 0.6529381432244071, 8.700891635148437, 0.4979542092372306, 24.474415227741396, 6.243474284187897]
ntrees:  365
     train-auc-mean  train-auc-std  test-auc-mean  test-auc-std
364        0.768775       0.000712       0.760557      0.002866
-----------
[21.0, 21.0, 12.06263148645956, 0.5567903623259765, 0.4082543041121163, 16.388684058387003, 0.17244172522775936, 82.41075718284164, 8.922005107458364]
ntrees:  44
    train-auc-mean  train-auc-std  test-auc-mean  test-auc-std
43        0.802613       0.000506       0.760319      0.001923
-----------
[9.0, 16.0, 2.8347044463322035, 0.7281937791490594, 0.5148710724529334, 7.844369709747293, 0.357034101511209, 20.008548812766836, 6.406946373676831]
ntrees:  12
    train-auc-mean  train-auc-std  test-auc-mean  test-auc-std
11        0.820625       0.001304       0.752202      0.002579
-----------
[8.0, 2.0, 4.573094322356668, 0.7182467416786289, 0.5391580571387847, 10.331237241182619, 0.16460623283820028, 65.89113532179047, 5.730730346951058]
ntrees:  46
    train-auc-mean  train-auc-std  test-auc-mean  test-auc-std
45        0.809339       0.000868       0.761757      0.002305
-----------
[8.0, 15.0, 5.307412214490926, 0.7160844849714028, 0.7785652568654047, 27.363983477586267, 0.15997756631836924, 51.366767930115365, 6.486267098314561]
ntrees:  37
    train-auc-mean  train-auc-std  test-auc-mean  test-auc-std
36        0.815705       0.000864       0.759599      0.002461
-----------
[24.0, 22.0, 19.944205620109393, 0.7709372571927853, 0.48710930944598807, 19.812185216246622, 0.361535573361831, 53.55441807814276, 8.2198481076998]
ntrees:  13
    train-auc-mean  train-auc-std  test-auc-mean  test-auc-std
12        0.810107       0.001316       0.754235      0.002286
-----------
[16.0, 4.0, 17.788767633226396, 0.6470890426006526, 0.6114783140263244, 18.220686750904456, 0.374079361045997, 7.3283721604958885, 5.831640023129387]
ntrees:  6
   train-auc-mean  train-auc-std  test-auc-mean  test-auc-std
5        0.852759        0.00097        0.73666      0.002345
-----------
[13.0, 11.0, 14.99312415438652, 0.4099066633646097, 0.6023946857127694, 25.039662942674205, 0.2439696727288071, 31.92534807933797, 5.940226248035853]
ntrees:  13
    train-auc-mean  train-auc-std  test-auc-mean  test-auc-std
12        0.799558       0.001197       0.749418      0.002584
-----------
[15.0, 23.0, 17.801822722669005, 0.6658006203205595, 0.6087122739455411, 5.710740168540666, 0.46231378855888755, 17.632413940075587, 5.210356941693405]
ntrees:  7
   train-auc-mean  train-auc-std  test-auc-mean  test-auc-std
6        0.789129       0.001358       0.753032      0.002843
-----------
[10.0, 12.0, 9.250469699942997, 0.40974126176436365, 0.838817106326121, 4.533417981376858, 0.2648768326308269, 92.81398018837098, 4.069133969951735]
ntrees:  107
     train-auc-mean  train-auc-std  test-auc-mean  test-auc-std
106         0.79082       0.001451       0.761164      0.003247
-----------
[19.0, 22.0, 2.0764630440612697, 0.7724787257026942, 0.40525907010052403, 17.243130966037253, 0.15674632893328586, 15.113736857538207, 2.061996040418904]
ntrees:  18
    train-auc-mean  train-auc-std  test-auc-mean  test-auc-std
17        0.885815       0.000688       0.753819      0.002784
-----------
[12.0, 24.0, 12.14046604953107, 0.6624062959884987, 0.4104182147414321, 7.205522907242135, 0.1696096003580773, 55.447425516044056, 5.953332063923367]
ntrees:  63
    train-auc-mean  train-auc-std  test-auc-mean  test-auc-std
62        0.803541       0.000916       0.761729      0.002732
-----------
[19.0, 23.0, 7.259103372691282, 0.7875350450972893, 0.8637863501604055, 26.570931448831306, 0.15513639073384947, 67.05272812661501, 4.43455507837486]
ntrees:  33
    train-auc-mean  train-auc-std  test-auc-mean  test-auc-std
32        0.856124       0.000929       0.756995       0.00218
-----------
[2.0, 12.0, 9.099191416287361, 0.816069996665491, 0.7408928068343466, 1.425222461804019, 0.2947302029051538, 4.650306528000259, 3.282894955211135]
ntrees:  431
     train-auc-mean  train-auc-std  test-auc-mean  test-auc-std
430         0.77847       0.000766       0.764328      0.002722
-----------
[17.0, 5.0, 0.48971601484477656, 0.5231262078513476, 0.6084960742142325, 13.010526436501703, 0.16410991686136153, 8.808526600540878, 6.649242645140512]
ntrees:  15
    train-auc-mean  train-auc-std  test-auc-mean  test-auc-std
14        0.890187       0.001922       0.747481      0.002589
-----------
[12.0, 21.0, 13.472090864583306, 0.6353248074859992, 0.6877465772579026, 28.86276877977222, 0.2953665878761891, 52.69214434121636, 3.8047400137424114]
ntrees:  12
    train-auc-mean  train-auc-std  test-auc-mean  test-auc-std
11        0.806057       0.001518       0.752409      0.003823
-----------
[5.0, 18.0, 14.946683236709262, 0.8663873088763849, 0.6327194905067655, 9.359198902915432, 0.11830334239787364, 16.638968247768403, 1.6516873164662824]
ntrees:  108
     train-auc-mean  train-auc-std  test-auc-mean  test-auc-std
107        0.801585       0.000506       0.763504      0.002287
-----------
[2.0, 22.0, 11.240390113292932, 0.8886457786363662, 0.7279517559800139, 9.120014497675244, 0.3810244335588524, 3.0973850589397944, 3.1732618543046036]
ntrees:  180
     train-auc-mean  train-auc-std  test-auc-mean  test-auc-std
179        0.780924       0.000696       0.761953      0.002614
-----------
[5.0, 1.0, 0.0, 0.8, 0.407583809701451, 2.023344245301038, 0.09014212372403199, 95.5235825194014, 8.703243486751614]
ntrees:  633
     train-auc-mean  train-auc-std  test-auc-mean  test-auc-std
632        0.792057       0.000715       0.765452      0.002933
-----------
[4.0, 3.0, 1.5566348385125006, 0.7599297537768013, 0.6322643309857437, 9.906713257060893, 0.012291901733646476, 14.449175235085729, 9.311629606262882]
ntrees:  1891
      train-auc-mean  train-auc-std  test-auc-mean  test-auc-std
1890        0.802094       0.000403       0.765318      0.002484
-----------
[5.0, 1.0, 0.0, 0.8, 0.5873841575304584, 20.125406607410607, 0.027410207891570004, 38.0799648046665, 3.779547777640645]
ntrees:  549
     train-auc-mean  train-auc-std  test-auc-mean  test-auc-std
548        0.806383       0.000602       0.764974      0.002616
-----------
[5.0, 7.0, 17.038004965249105, 0.8382206661818437, 0.407583809701451, 2.023344245301038, 0.012291901733646476, 14.449175235085729, 9.311629606262882]
ntrees:  2000
      train-auc-mean  train-auc-std  test-auc-mean  test-auc-std
1999        0.774059       0.000719       0.763594      0.002048
-----------
[5.0, 1.0, 0.0, 0.8, 0.407583809701451, 2.023344245301038, 0.012291901733646476, 78.64378984106155, 7.473439328941106]
ntrees:  2000
      train-auc-mean  train-auc-std  test-auc-mean  test-auc-std
1999          0.7853       0.000749       0.765355      0.002355
-----------
[7.0, 9.0, 3.0844372786501917, 0.45385571231174326, 0.6214556050842772, 19.615524248709466, 0.008403913192235997, 14.449175235085729, 9.311629606262882]
ntrees:  1129
      train-auc-mean  train-auc-std  test-auc-mean  test-auc-std
1128        0.835899       0.000623       0.763583      0.002298
-----------
[5.0, 2.7, 6.165594027385191, 0.6725608596138329, 0.6760025261002827, 3.9835397493437723, 0.05689288339382577, 58.628797654606146, 9.353937956003069]
ntrees:  468
     train-auc-mean  train-auc-std  test-auc-mean  test-auc-std
467        0.798702       0.000695       0.765333      0.002573
-----------
[10.0, 9.0, 0.0, 0.8, 0.407583809701451, 2.2837802141006227, 0.012291901733646476, 14.449175235085729, 9.311629606262882]
ntrees:  721
     train-auc-mean  train-auc-std  test-auc-mean  test-auc-std
720        0.856761       0.000487       0.765305      0.002614
-----------
[5.0, 1.0, 5.238123380225674, 0.816069996665491, 0.7408928068343466, 1.425222461804019, 0.2947302029051538, 4.650306528000259, 3.282894955211135]
ntrees:  42
    train-auc-mean  train-auc-std  test-auc-mean  test-auc-std
41         0.79369       0.000872        0.76161       0.00255
-----------
[2.0, 12.0, 0.0, 0.8, 0.407583809701451, 2.023344245301038, 0.012291901733646476, 14.449175235085729, 9.311629606262882]
ntrees:  2000
      train-auc-mean  train-auc-std  test-auc-mean  test-auc-std
1999        0.769224       0.000598       0.762413       0.00198
-----------
[3.0, 18.0, 0.971502063040468, 0.7939412478539977, 0.27077021773339005, 9.045767425288567, 0.12181840788588302, 64.20946008985656, 7.590358021792629]
ntrees:  421
     train-auc-mean  train-auc-std  test-auc-mean  test-auc-std
420         0.78781       0.000656       0.764729      0.002701
-----------
[2.5, 21.0, 3.6997181517953193, 0.8149158133753287, 0.9521579136189703, 27.524574872271863, 0.06071777286287417, 83.74222571780369, 6.7018832134636295]
ntrees:  1115
      train-auc-mean  train-auc-std  test-auc-mean  test-auc-std
1114        0.779113       0.000675       0.763888      0.002732
-----------
[5.0, 1.0, 0.0, 0.8, 0.8151712319955854, 4.540866917792522, 0.07287918933674872, 13.48705641694189, 9.232476472565754]
ntrees:  230
     train-auc-mean  train-auc-std  test-auc-mean  test-auc-std
229        0.814645       0.000513         0.7646       0.00302
-----------
[6.0, 18.0, 10.641135009218903, 0.6251898988814093, 0.407583809701451, 2.023344245301038, 0.012291901733646476, 14.449175235085729, 9.311629606262882]
ntrees:  2000
      train-auc-mean  train-auc-std  test-auc-mean  test-auc-std
1999        0.786652       0.000743        0.76562        0.0023
-----------
[5.0, 7.0, 17.038004965249105, 0.8382206661818437, 0.5873841575304584, 6.4205778999373795, 0.09014212372403199, 95.5235825194014, 8.703243486751614]
ntrees:  536
     train-auc-mean  train-auc-std  test-auc-mean  test-auc-std
535        0.786596       0.000688       0.764921      0.002482
-----------
[2.4000000000000004, 3.0, 1.5566348385125006, 0.7599297537768013, 0.6322643309857437, 20.125406607410607, 0.018040874273787432, 38.0799648046665, 2.0818966126174763]
ntrees:  2000
      train-auc-mean  train-auc-std  test-auc-mean  test-auc-std
1999        0.773342       0.000589       0.763161       0.00224
-----------
[14.0, 23.0, 13.506536184411878, 0.856736590383844, 0.6770118598530823, 26.083427705115337, 0.017355377860796148, 95.91040992001831, 4.519680094530174]
ntrees:  602
     train-auc-mean  train-auc-std  test-auc-mean  test-auc-std
601        0.858199       0.000748       0.763688      0.002358
-----------
[5.0, 1.0, 5.999502092366731, 0.9151800449032046, 0.83414674643488, 24.390675776385823, 0.02792380595953625, 78.44677369206214, 4.2868205910482065]
ntrees:  697
     train-auc-mean  train-auc-std  test-auc-mean  test-auc-std
696        0.810319       0.000471       0.764506      0.002513
-----------
[2.0, 16.0, 0.0, 0.8, 0.407583809701451, 2.023344245301038, 0.012291901733646476, 14.449175235085729, 9.311629606262882]
ntrees:  2000
      train-auc-mean  train-auc-std  test-auc-mean  test-auc-std
1999        0.769221       0.000595       0.762426      0.001973
-----------
[5.0, 1.0, 0.0, 0.4109712076056172, 0.407583809701451, 2.023344245301038, 0.16854739055975027, 40.24652932942456, 4.004402496232199]
ntrees:  141
     train-auc-mean  train-auc-std  test-auc-mean  test-auc-std
140        0.787691       0.000874       0.763032      0.002625
-----------
[4.0, 15.0, 9.543703629039946, 0.588391034964013, 0.8394740811066257, 6.7477419384190265, 0.012291901733646476, 14.449175235085729, 9.311629606262882]
ntrees:  1807
      train-auc-mean  train-auc-std  test-auc-mean  test-auc-std
1806         0.80033       0.000571       0.765427      0.002418
-----------
[7.0, 9.0, 3.0844372786501917, 0.45385571231174326, 0.6214556050842772, 9.906713257060893, 0.09014212372403199, 95.5235825194014, 8.703243486751614]
ntrees:  153
     train-auc-mean  train-auc-std  test-auc-mean  test-auc-std
152        0.802806       0.000755       0.762748      0.002208
-----------
[4.0, 3.0, 1.5566348385125006, 0.7599297537768013, 0.6322643309857437, 10.060205799537178, 0.008403913192235997, 78.64378984106155, 7.473439328941106]
ntrees:  2000
      train-auc-mean  train-auc-std  test-auc-mean  test-auc-std
1999        0.785401       0.000625       0.764777      0.002253
-----------
[5.0, 1.0, 0.0, 0.8, 0.407583809701451, 2.023344245301038, 0.012291901733646476, 49.73166941533431, 6.542052614286691]
ntrees:  2000
      train-auc-mean  train-auc-std  test-auc-mean  test-auc-std
1999         0.79385       0.000671       0.765973      0.002604
-----------
[6.0, 21.0, 17.061341054075573, 0.45640527629131744, 0.5436458592305609, 29.95928730642229, 0.033632698992043145, 14.449175235085729, 9.311629606262882]
ntrees:  344
     train-auc-mean  train-auc-std  test-auc-mean  test-auc-std
343        0.812109       0.000657       0.762564      0.002498
-----------
[5.0, 1.0, 0.0, 0.8, 0.407583809701451, 2.023344245301038, 0.1165908518796972, 59.75941353973964, 3.8305434203663387]
ntrees:  284
     train-auc-mean  train-auc-std  test-auc-mean  test-auc-std
283        0.795439        0.00073       0.764983      0.002887
-----------
[3.0, 5.0, 7.826193931515661, 0.5609127778484126, 0.5725685764578392, 18.92805001251347, 0.012291901733646476, 14.449175235085729, 9.311629606262882]
ntrees:  2000
      train-auc-mean  train-auc-std  test-auc-mean  test-auc-std
1999         0.78251       0.000566       0.763958      0.002391
-----------
[5.0, 1.0, 0.0, 0.8, 0.407583809701451, 2.023344245301038, 0.012291901733646476, 16.638968247768403, 1.6516873164662824]
ntrees:  1643
      train-auc-mean  train-auc-std  test-auc-mean  test-auc-std
1642        0.807419       0.000651       0.766283      0.002575
-----------
[5.0, 18.0, 14.946683236709262, 0.8663873088763849, 0.6327194905067655, 9.359198902915432, 0.11830334239787364, 14.449175235085729, 9.311629606262882]
ntrees:  127
     train-auc-mean  train-auc-std  test-auc-mean  test-auc-std
126        0.806729       0.000688         0.7635      0.002238
-----------
[5.0, 1.9, 0.0, 0.8, 0.262794373511187, 10.636824184208617, 0.3839570189098388, 33.1738313136627, 3.7627045358156477]
ntrees:  25
    train-auc-mean  train-auc-std  test-auc-mean  test-auc-std
24        0.783109       0.000481       0.760012       0.00238
-----------
[2.0, 24.0, 14.447105715468187, 0.9432588867753047, 0.691350321081478, 2.023344245301038, 0.012291901733646476, 14.449175235085729, 9.311629606262882]
ntrees:  2000
      train-auc-mean  train-auc-std  test-auc-mean  test-auc-std
1999        0.765511       0.000632         0.7602      0.001734
-----------
[4.0, 3.0, 1.5566348385125006, 0.7599297537768013, 0.6322643309857437, 9.906713257060893, 0.2947302029051538, 4.650306528000259, 3.282894955211135]
ntrees:  47
    train-auc-mean  train-auc-std  test-auc-mean  test-auc-std
46        0.786099       0.000683       0.760503      0.003763
-----------
[2.0, 12.0, 9.099191416287361, 0.816069996665491, 0.7408928068343466, 1.425222461804019, 0.09014212372403199, 95.5235825194014, 8.703243486751614]
ntrees:  1497
      train-auc-mean  train-auc-std  test-auc-mean  test-auc-std
1496        0.762656       0.000668       0.758893      0.001523
-----------
[3.0, 18.0, 0.971502063040468, 0.7939412478539977, 0.43489538038410974, 9.045767425288567, 0.12181840788588302, 95.5235825194014, 8.703243486751614]
ntrees:  426
     train-auc-mean  train-auc-std  test-auc-mean  test-auc-std
425        0.786905       0.000679       0.764951      0.002674
-----------
[4.0, 3.0, 1.5566348385125006, 0.7599297537768013, 0.6322643309857437, 9.906713257060893, 0.09014212372403199, 64.20946008985656, 7.590358021792629]
ntrees:  327
     train-auc-mean  train-auc-std  test-auc-mean  test-auc-std
326        0.798806        0.00064       0.764942      0.002418
-----------
[5.0, 4.4, 17.038004965249105, 0.8382206661818437, 0.6214556050842772, 19.615524248709466, 0.008403913192235997, 78.64378984106155, 7.473439328941106]
ntrees:  2000
      train-auc-mean  train-auc-std  test-auc-mean  test-auc-std
1999        0.797971       0.000564       0.765015       0.00243
-----------
[7.0, 9.0, 3.0844372786501917, 0.45385571231174326, 0.5873841575304584, 20.125406607410607, 0.018040874273787432, 38.0799648046665, 3.779547777640645]
ntrees:  516
     train-auc-mean  train-auc-std  test-auc-mean  test-auc-std
515         0.82134       0.000595       0.763746      0.002414
-----------
[2.5, 3.0, 1.5566348385125006, 0.7599297537768013, 0.6322643309857437, 9.906713257060893, 0.09014212372403199, 83.74222571780369, 6.7018832134636295]
ntrees:  872
     train-auc-mean  train-auc-std  test-auc-mean  test-auc-std
871        0.779495       0.000692       0.764427      0.002543
-----------
[5.0, 21.0, 3.6997181517953193, 0.8149158133753287, 0.9521579136189703, 27.524574872271863, 0.06071777286287417, 95.5235825194014, 8.703243486751614]
ntrees:  304
     train-auc-mean  train-auc-std  test-auc-mean  test-auc-std
303        0.805947       0.000826        0.76427      0.002568
-----------
[5.0, 9.0, 6.165594027385191, 0.6725608596138329, 0.6760025261002827, 3.9835397493437723, 0.05689288339382577, 58.628797654606146, 9.353937956003069]
ntrees:  468
     train-auc-mean  train-auc-std  test-auc-mean  test-auc-std
467        0.798742       0.000704       0.765397      0.002775
-----------
[10.0, 7.0, 17.038004965249105, 0.8382206661818437, 0.5873841575304584, 20.125406607410607, 0.018040874273787432, 38.0799648046665, 3.779547777640645]
ntrees:  496
     train-auc-mean  train-auc-std  test-auc-mean  test-auc-std
495        0.864411       0.000909       0.763626      0.002415
-----------
[5.0, 1.0, 0.0, 0.8, 0.4997736159835636, 10.529564159192873, 0.2104532764529983, 23.272352426784447, 5.690115647639705]
ntrees:  52
    train-auc-mean  train-auc-std  test-auc-mean  test-auc-std
51        0.795012       0.000457       0.762593      0.002323
-----------
[2.0, 13.0, 3.044613556354676, 0.7202823169054904, 0.407583809701451, 2.4399817205389525, 0.012291901733646476, 14.449175235085729, 9.311629606262882]
ntrees:  2000
      train-auc-mean  train-auc-std  test-auc-mean  test-auc-std
1999        0.769512       0.000599       0.762496      0.002043
-----------
[4.0, 7.7, 10.641135009218903, 0.6251898988814093, 0.8151712319955854, 4.540866917792522, 0.07287918933674872, 13.48705641694189, 9.232476472565754]
ntrees:  349
     train-auc-mean  train-auc-std  test-auc-mean  test-auc-std
348        0.800435       0.000642       0.765132      0.002741
-----------
[6.0, 3.0, 1.5566348385125006, 0.7599297537768013, 0.6322643309857437, 9.906713257060893, 0.09014212372403199, 95.5235825194014, 8.703243486751614]
ntrees:  176
     train-auc-mean  train-auc-std  test-auc-mean  test-auc-std
175        0.806536       0.000455       0.764517      0.002771
-----------
[5.0, 1.0, 0.0, 0.8, 0.407583809701451, 2.023344245301038, 0.012291901733646476, 24.93318225415846, 5.396472332181269]
ntrees:  2000
      train-auc-mean  train-auc-std  test-auc-mean  test-auc-std
1999        0.806956       0.000654       0.766279      0.002607
-----------
[23.0, 19.0, 13.124533642107782, 0.8624988330322045, 0.4365523428238695, 2.0581581812316054, 0.31580489439092163, 11.319549915508865, 9.311629606262882]
ntrees:  47
    train-auc-mean  train-auc-std  test-auc-mean  test-auc-std
46        0.790418       0.000739       0.761458      0.002327
-----------
[5.0, 7.0, 17.038004965249105, 0.816069996665491, 0.7408928068343466, 1.425222461804019, 0.2947302029051538, 4.650306528000259, 1.9000464890092537]
ntrees:  173
     train-auc-mean  train-auc-std  test-auc-mean  test-auc-std
172        0.778373       0.001169         0.7626      0.002558
-----------
[2.0, 12.0, 9.099191416287361, 0.8382206661818437, 0.5873841575304584, 20.125406607410607, 0.018040874273787432, 38.0799648046665, 3.779547777640645]
ntrees:  2000
      train-auc-mean  train-auc-std  test-auc-mean  test-auc-std
1999        0.773078       0.000564       0.762912      0.002268
-----------
[5.0, 7.0, 17.038004965249105, 0.8382206661818437, 0.43489538038410974, 9.045767425288567, 0.12181840788588302, 64.20946008985656, 7.590358021792629]
ntrees:  211
     train-auc-mean  train-auc-std  test-auc-mean  test-auc-std
210        0.793397       0.000424       0.764507      0.002698
-----------
[3.0, 18.0, 0.971502063040468, 0.7939412478539977, 0.5873841575304584, 20.125406607410607, 0.018040874273787432, 38.0799648046665, 3.779547777640645]
ntrees:  2000
      train-auc-mean  train-auc-std  test-auc-mean  test-auc-std
1999        0.788593       0.000631       0.764791      0.002631
-----------
[5.0, 1.0, 0.0, 0.8, 0.407583809701451, 2.023344245301038, 0.21651624032436956, 56.45590361775646, 2.2853793757728997]
ntrees:  150
     train-auc-mean  train-auc-std  test-auc-mean  test-auc-std
149        0.795568       0.000469       0.764497      0.002234
-----------
[2.0, 13.0, 17.24126841890213, 0.6949748808265677, 0.67095728448256, 21.956845644087803, 0.012291901733646476, 14.449175235085729, 9.311629606262882]
ntrees:  2000
      train-auc-mean  train-auc-std  test-auc-mean  test-auc-std
1999        0.769911       0.000578       0.761837      0.002104
-----------
[7.0, 9.0, 3.0844372786501917, 0.45385571231174326, 0.6214556050842772, 19.615524248709466, 0.008403913192235997, 58.628797654606146, 9.353937956003069]
ntrees:  1130
      train-auc-mean  train-auc-std  test-auc-mean  test-auc-std
1129        0.812583       0.000499       0.764152      0.002609
-----------
[10.0, 9.0, 6.165594027385191, 0.6725608596138329, 0.6760025261002827, 3.9835397493437723, 0.05689288339382577, 78.64378984106155, 7.473439328941106]
ntrees:  281
     train-auc-mean  train-auc-std  test-auc-mean  test-auc-std
280        0.802879        0.00085        0.76458      0.002664
-----------
[10.0, 18.0, 0.40869168862974314, 0.853709298797862, 0.5513454861880072, 12.186102881313937, 0.1798363814891359, 62.23041514728871, 9.766232686083443]
ntrees:  31
    train-auc-mean  train-auc-std  test-auc-mean  test-auc-std
30        0.826004       0.001094       0.760545      0.002775
-----------
[19.0, 19.0, 17.17030943483611, 0.6811479351320304, 0.7904994702333081, 3.707417958484801, 0.38448523183847927, 70.37402193616845, 5.131533795921214]
ntrees:  164
     train-auc-mean  train-auc-std  test-auc-mean  test-auc-std
163        0.781582       0.001433       0.762113      0.002633
-----------
[15.0, 7.0, 17.28991558074125, 0.9035985653424803, 0.6741612676925792, 6.955247302417589, 0.3605326969310073, 36.00517530109416, 1.1210564492915074]
ntrees:  13
    train-auc-mean  train-auc-std  test-auc-mean  test-auc-std
12        0.805149       0.001256       0.756374      0.002871
-----------
[5.0, 3.0, 0.41483950956137994, 0.7191934178812706, 0.8053200103816575, 15.922386042050865, 0.15465937076239733, 7.2508679682526616, 2.896635518117543]
ntrees:  53
    train-auc-mean  train-auc-std  test-auc-mean  test-auc-std
52        0.792278       0.001178       0.761005      0.002624
-----------
[3.0, 21.0, 18.356219880231414, 0.4465344218938907, 0.4518994900440239, 23.43232125562404, 0.10256270374363947, 21.088745232293814, 1.566999926145571]
ntrees:  230
     train-auc-mean  train-auc-std  test-auc-mean  test-auc-std
229        0.779066       0.000819       0.762958      0.002498
-----------
[23.0, 14.0, 18.560715683051058, 0.6428588679642306, 0.9772624483322437, 17.923805515997838, 0.39200567617511944, 41.14755104873096, 8.900353213132071]
ntrees:  7
   train-auc-mean  train-auc-std  test-auc-mean  test-auc-std
6        0.806246       0.001019       0.747445      0.003947
-----------
[3.0, 21.0, 16.58331523651345, 0.8373225711691517, 0.667879662203732, 21.105934786233295, 0.04681395406427435, 87.72879182313861, 1.7247136984783662]
ntrees:  812
     train-auc-mean  train-auc-std  test-auc-mean  test-auc-std
811          0.7858       0.000578       0.764577      0.002697
-----------
[11.0, 13.0, 11.3466489239614, 0.5972040206548679, 0.5386557427834849, 1.5386653084323427, 0.4941947492408451, 58.8785385446303, 5.6561538628372565]
ntrees:  355
     train-auc-mean  train-auc-std  test-auc-mean  test-auc-std
354         0.76711       0.000826       0.759561      0.002664
-----------
[7.0, 14.0, 6.447105410518903, 0.5006378002736597, 0.7695450502033337, 12.033873760216986, 0.3124616553790793, 27.629876062953073, 7.473417586259311]
ntrees:  13
    train-auc-mean  train-auc-std  test-auc-mean  test-auc-std
12        0.788269         0.0009        0.75527      0.002343
-----------
[11.0, 4.0, 18.944791029554104, 0.8629325655719781, 0.7793937408482913, 27.968824695174487, 0.4178954208545136, 63.05463366386478, 1.7761921446348048]
ntrees:  10
   train-auc-mean  train-auc-std  test-auc-mean  test-auc-std
9        0.812145       0.001742       0.751567      0.002178
-----------
[23.0, 2.0, 0.23976098806252732, 0.49004768659398246, 0.47973581944714466, 5.5252208483463106, 0.18756495214462082, 51.864413323951716, 5.061446228529527]
ntrees:  23
    train-auc-mean  train-auc-std  test-auc-mean  test-auc-std
22        0.806872       0.000931       0.757339      0.002334
-----------
[1.0, 1.0, 1.3060320397946201, 0.6656646687816612, 0.977257306495483, 13.138710174269841, 0.042352960628333304, 31.395541869691613, 7.151258182957206]
ntrees:  2000
      train-auc-mean  train-auc-std  test-auc-mean  test-auc-std
1999        0.766671       0.000571       0.761129      0.002174
-----------
[5.0, 1.0, 0.0, 0.8, 0.407583809701451, 2.023344245301038, 0.02511061887551362, 24.93318225415846, 5.396472332181269]
ntrees:  870
     train-auc-mean  train-auc-std  test-auc-mean  test-auc-std
869        0.803005        0.00064       0.766056      0.002515
-----------
[5.0, 2.7, 0.0, 0.8, 0.407583809701451, 2.023344245301038, 0.012291901733646476, 49.73166941533431, 6.542052614286691]
ntrees:  2000
      train-auc-mean  train-auc-std  test-auc-mean  test-auc-std
1999         0.79385       0.000689       0.765964      0.002593
-----------
[5.0, 1.0, 0.0, 0.8, 0.407583809701451, 2.2837802141006227, 0.012291901733646476, 14.449175235085729, 9.311629606262882]
ntrees:  1547
      train-auc-mean  train-auc-std  test-auc-mean  test-auc-std
1546        0.806975       0.000532       0.766208      0.002387
-----------
[5.0, 1.0, 1.598446813710729, 0.8, 0.407583809701451, 2.023344245301038, 0.012291901733646476, 16.638968247768403, 1.6516873164662824]
ntrees:  1665
      train-auc-mean  train-auc-std  test-auc-mean  test-auc-std
1664        0.806821       0.000659       0.766303      0.002671
-----------
[5.0, 1.0, 0.0, 0.8, 0.25984558946032654, 2.023344245301038, 0.012291901733646476, 24.93318225415846, 5.396472332181269]
ntrees:  2000
      train-auc-mean  train-auc-std  test-auc-mean  test-auc-std
1999        0.802586       0.000733       0.766447      0.002551
-----------
[2.5, 1.0, 0.0, 0.8, 0.407583809701451, 2.023344245301038, 0.012291901733646476, 14.449175235085729, 9.311629606262882]
ntrees:  2000
      train-auc-mean  train-auc-std  test-auc-mean  test-auc-std
1999        0.769227       0.000599       0.762424      0.001967
-----------
[6.0, 18.0, 10.641135009218903, 0.6251898988814093, 0.407583809701451, 2.023344245301038, 0.012291901733646476, 16.638968247768403, 1.6516873164662824]
ntrees:  2000
      train-auc-mean  train-auc-std  test-auc-mean  test-auc-std
1999         0.78592       0.000739       0.765606      0.002353
-----------
[6.0, 18.0, 0.0, 0.8, 0.407583809701451, 3.2672302952334373, 0.012291901733646476, 24.93318225415846, 5.396472332181269]
ntrees:  1392
      train-auc-mean  train-auc-std  test-auc-mean  test-auc-std
1391        0.820014       0.000643       0.766179      0.002603
-----------
[2.8, 1.0, 10.641135009218903, 0.6251898988814093, 0.407583809701451, 2.023344245301038, 0.012291901733646476, 14.449175235085729, 4.294729344066371]
ntrees:  2000
      train-auc-mean  train-auc-std  test-auc-mean  test-auc-std
1999        0.767853       0.000638       0.762073       0.00199
-----------
[5.0, 1.0, 0.0, 0.588391034964013, 0.8394740811066257, 6.7477419384190265, 0.012291901733646476, 14.449175235085729, 9.311629606262882]
ntrees:  1424
      train-auc-mean  train-auc-std  test-auc-mean  test-auc-std
1423        0.818446        0.00058       0.765374      0.002387
-----------
[4.0, 15.0, 9.543703629039946, 0.8, 0.407583809701451, 2.023344245301038, 0.012291901733646476, 14.449175235085729, 9.311629606262882]
ntrees:  2000
      train-auc-mean  train-auc-std  test-auc-mean  test-auc-std
1999        0.781377       0.000852       0.765272      0.002246
-----------
[5.0, 1.0, 0.0, 0.4109712076056172, 0.407583809701451, 2.023344245301038, 0.012291901733646476, 13.210147974005775, 1.6516873164662824]
ntrees:  1394
      train-auc-mean  train-auc-std  test-auc-mean  test-auc-std
1393        0.800546       0.000758       0.765662       0.00258
-----------
[5.0, 1.0, 0.0, 0.8, 0.407583809701451, 3.023333798173807, 0.09014212372403199, 95.5235825194014, 8.703243486751614]
ntrees:  425
     train-auc-mean  train-auc-std  test-auc-mean  test-auc-std
424        0.794486       0.000627       0.765248      0.002771
-----------
[4.0, 15.0, 0.0, 0.8, 0.407583809701451, 2.023344245301038, 0.012291901733646476, 16.638968247768403, 1.6516873164662824]
ntrees:  2000
      train-auc-mean  train-auc-std  test-auc-mean  test-auc-std
1999        0.794162       0.000643       0.766147      0.002461
-----------
[5.0, 1.0, 9.543703629039946, 0.588391034964013, 0.8394740811066257, 6.7477419384190265, 0.012291901733646476, 14.449175235085729, 9.311629606262882]
ntrees:  1496
      train-auc-mean  train-auc-std  test-auc-mean  test-auc-std
1495         0.81765       0.000536       0.765443      0.002402
-----------
[5.0, 1.0, 0.0, 0.8, 0.6760025261002827, 3.9835397493437723, 0.05689288339382577, 58.628797654606146, 9.353937956003069]
ntrees:  425
     train-auc-mean  train-auc-std  test-auc-mean  test-auc-std
424        0.805289       0.000676       0.765363      0.002629
-----------
[5.0, 9.0, 6.165594027385191, 0.6725608596138329, 0.407583809701451, 2.023344245301038, 0.012291901733646476, 14.449175235085729, 9.311629606262882]
ntrees:  2000
      train-auc-mean  train-auc-std  test-auc-mean  test-auc-std
1999        0.798509       0.000838       0.766153      0.002638
-----------
[4.0, 15.0, 9.543703629039946, 0.588391034964013, 0.8394740811066257, 6.7477419384190265, 0.012291901733646476, 24.93318225415846, 5.396472332181269]
ntrees:  1664
      train-auc-mean  train-auc-std  test-auc-mean  test-auc-std
1663        0.795646       0.000667       0.765366      0.002333
-----------
[5.0, 1.0, 0.0, 0.6725608596138329, 0.6760025261002827, 3.9835397493437723, 0.05689288339382577, 58.628797654606146, 9.353937956003069]
ntrees:  350
     train-auc-mean  train-auc-std  test-auc-mean  test-auc-std
349        0.798033       0.000543       0.765384      0.002936
-----------
[5.0, 9.0, 6.165594027385191, 0.8, 0.407583809701451, 2.023344245301038, 0.012291901733646476, 16.638968247768403, 1.6516873164662824]
ntrees:  2000
      train-auc-mean  train-auc-std  test-auc-mean  test-auc-std
1999        0.799075       0.000726       0.766333      0.002537
-----------
[5.0, 1.9, 0.0, 0.8, 0.262794373511187, 2.023344245301038, 0.012291901733646476, 24.93318225415846, 2.379163975624452]
ntrees:  2000
      train-auc-mean  train-auc-std  test-auc-mean  test-auc-std
1999        0.802965       0.000748       0.766415      0.002543
-----------
[5.0, 1.0, 0.0, 0.8, 0.407583809701451, 2.023344245301038, 0.012291901733646476, 78.64378984106155, 7.473439328941106]
ntrees:  2000
      train-auc-mean  train-auc-std  test-auc-mean  test-auc-std
1999          0.7853       0.000749       0.765355      0.002355
-----------
[5.0, 1.0, 0.0, 0.7599297537768013, 0.6322643309857437, 9.906713257060893, 0.09014212372403199, 95.5235825194014, 8.703243486751614]
ntrees:  247
     train-auc-mean  train-auc-std  test-auc-mean  test-auc-std
246        0.802686       0.000461       0.764524      0.002447
-----------
[4.0, 3.0, 1.5566348385125006, 0.8, 0.407583809701451, 2.023344245301038, 0.012291901733646476, 14.449175235085729, 9.311629606262882]
ntrees:  2000
      train-auc-mean  train-auc-std  test-auc-mean  test-auc-std
1999         0.79426       0.000644       0.766088      0.002444
-----------
[5.0, 2.68, 6.165594027385191, 0.6725608596138329, 0.6760025261002827, 3.9835397493437723, 0.05689288339382577, 58.628797654606146, 9.353937956003069]
ntrees:  468
     train-auc-mean  train-auc-std  test-auc-mean  test-auc-std
467        0.798702       0.000695       0.765333      0.002573
-----------
[2.9, 1.0, 0.0, 0.8, 0.407583809701451, 2.023344245301038, 0.012291901733646476, 16.638968247768403, 1.6516873164662824]
ntrees:  2000
      train-auc-mean  train-auc-std  test-auc-mean  test-auc-std
1999        0.769187       0.000585       0.762437      0.001982
-----------
[5.0, 1.0, 0.0, 0.7599297537768013, 0.6322643309857437, 9.906713257060893, 0.012291901733646476, 14.449175235085729, 9.311629606262882]
ntrees:  1117
      train-auc-mean  train-auc-std  test-auc-mean  test-auc-std
1116        0.808557       0.000424       0.765093      0.002322
-----------
[4.0, 3.0, 1.5566348385125006, 0.8, 0.407583809701451, 2.4399817205389525, 0.012291901733646476, 14.449175235085729, 9.311629606262882]
ntrees:  2000
      train-auc-mean  train-auc-std  test-auc-mean  test-auc-std
1999        0.795603       0.000609       0.766126      0.002396
-----------
[5.0, 0.9, 0.0, 0.8, 0.407583809701451, 2.023344245301038, 0.012291901733646476, 16.638968247768403, 1.6516873164662824]
ntrees:  1665
      train-auc-mean  train-auc-std  test-auc-mean  test-auc-std
1664        0.807872       0.000606       0.766289      0.002594
-----------
[4.0, 3.0, 1.5566348385125006, 0.7599297537768013, 0.6322643309857437, 9.906713257060893, 0.09014212372403199, 95.5235825194014, 8.703243486751614]
ntrees:  335
     train-auc-mean  train-auc-std  test-auc-mean  test-auc-std
334        0.794771       0.000527        0.76534      0.002559
-----------
[4.0, 3.0, 1.5566348385125006, 0.7599297537768013, 0.6322643309857437, 9.906713257060893, 0.09014212372403199, 24.93318225415846, 5.396472332181269]
ntrees:  330
     train-auc-mean  train-auc-std  test-auc-mean  test-auc-std
329        0.807048        0.00063       0.764189      0.002837
-----------
[5.0, 1.0, 0.0, 0.8, 0.407583809701451, 2.023344245301038, 0.012291901733646476, 43.74931282923514, 8.703243486751614]
ntrees:  2000
      train-auc-mean  train-auc-std  test-auc-mean  test-auc-std
1999        0.796211       0.000649       0.766047      0.002648
-----------
[10.0, 9.0, 0.0, 0.8, 0.407583809701451, 2.2837802141006227, 0.012291901733646476, 14.449175235085729, 4.3115403494299525]
ntrees:  702
     train-auc-mean  train-auc-std  test-auc-mean  test-auc-std
701        0.859798       0.000649       0.765147      0.002644
-----------
[5.0, 2.7, 6.165594027385191, 0.6725608596138329, 0.407583809701451, 2.023344245301038, 0.012291901733646476, 16.638968247768403, 1.6516873164662824]
ntrees:  2000
      train-auc-mean  train-auc-std  test-auc-mean  test-auc-std
1999        0.797895       0.000824         0.7661      0.002597
-----------
[5.0, 2.7, 6.165594027385191, 0.8, 0.407583809701451, 2.023344245301038, 0.012291901733646476, 24.93318225415846, 5.396472332181269]
ntrees:  2000
      train-auc-mean  train-auc-std  test-auc-mean  test-auc-std
1999        0.790858       0.000818       0.765995       0.00243
-----------
[4.0, 1.0, 0.0, 0.8, 0.407583809701451, 2.023344245301038, 0.012291901733646476, 16.638968247768403, 1.6516873164662824]
ntrees:  2000
      train-auc-mean  train-auc-std  test-auc-mean  test-auc-std
1999        0.794406       0.000663       0.766131      0.002477
-----------
[5.0, 3.0, 1.5566348385125006, 0.7599297537768013, 0.6322643309857437, 9.906713257060893, 0.012291901733646476, 14.449175235085729, 9.311629606262882]
ntrees:  1117
      train-auc-mean  train-auc-std  test-auc-mean  test-auc-std
1116        0.808408        0.00041       0.765086      0.002387
-----------
[4.0, 3.0, 1.5566348385125006, 0.7599297537768013, 0.6322643309857437, 9.906713257060893, 0.012291901733646476, 24.93318225415846, 5.396472332181269]
ntrees:  1671
      train-auc-mean  train-auc-std  test-auc-mean  test-auc-std
1670        0.797028       0.000466       0.765354      0.002423
-----------
[10.0, 10.0, 18.942730598163525, 0.9480469449219164, 0.5125626864400593, 6.524255960508463, 0.0035766064447361953, 95.08080725922188, 2.786434303326097]
ntrees:  2000
      train-auc-mean  train-auc-std  test-auc-mean  test-auc-std
1999        0.777835       0.000598       0.762646      0.002079
-----------
[19.0, 24.0, 10.2100130085311, 0.8961586365261636, 0.45486458578516653, 25.99217626969052, 0.2957559324259003, 31.56057134958732, 1.7347403180813195]
ntrees:  12
    train-auc-mean  train-auc-std  test-auc-mean  test-auc-std
11        0.857457       0.001535         0.7501      0.002873
-----------
[15.0, 6.0, 8.458236642516027, 0.4144389470677607, 0.542955394616448, 13.342227822157252, 0.2589382515333496, 63.50731036794149, 3.6583953290757805]
ntrees:  21
    train-auc-mean  train-auc-std  test-auc-mean  test-auc-std
20        0.802007       0.000996       0.754727      0.002994
-----------
[5.0, 2.0, 3.306990362827844, 0.5422784794500985, 0.4791601271188548, 19.634295215747834, 0.2474164730565245, 91.05063502234871, 7.564444659562257]
ntrees:  47
    train-auc-mean  train-auc-std  test-auc-mean  test-auc-std
46        0.783594       0.000528       0.760988      0.002447
-----------
[3.0, 2.0, 15.99727488412491, 0.47238870406910577, 0.9105283104713272, 19.721165537832967, 0.22526110302364774, 42.07474041135032, 8.881666239977635]
ntrees:  79
    train-auc-mean  train-auc-std  test-auc-mean  test-auc-std
78        0.774454       0.000701       0.760516      0.002767
-----------
[23.0, 1.0, 8.509926151563725, 0.9695021552928015, 0.8826536173187175, 22.783634848507518, 0.12814305776230805, 53.37617232335511, 6.933307707414089]
ntrees:  45
    train-auc-mean  train-auc-std  test-auc-mean  test-auc-std
44        0.908929        0.00145       0.756236      0.001842
-----------
[3.0, 19.0, 10.212082726731769, 0.5744677446877737, 0.551664367271483, 8.693634217937984, 0.3915070339819673, 95.60550957477706, 7.35360521808028]
ntrees:  110
     train-auc-mean  train-auc-std  test-auc-mean  test-auc-std
109        0.779589       0.001044       0.761363      0.002104
-----------
[11.0, 19.0, 7.93558373482586, 0.9767895417237773, 0.5950981444521727, 6.419629273005877, 0.4906108147364518, 37.47535816347779, 9.380733760026736]
ntrees:  8
   train-auc-mean  train-auc-std  test-auc-mean  test-auc-std
7        0.807232       0.001887       0.753502      0.002786
-----------
[7.0, 17.0, 15.829038239488915, 0.4135628048309907, 0.434683948126981, 9.270784232855215, 0.003380434109264718, 6.99752700420293, 7.554718544745173]
ntrees:  2000
      train-auc-mean  train-auc-std  test-auc-mean  test-auc-std
1999        0.808279       0.000543       0.764797      0.002447
-----------
[11.0, 9.0, 1.279746030433908, 0.7217735675974375, 0.5592402310260303, 13.362665610763903, 0.15217680662727168, 75.96436336627819, 1.7899489462691147]
ntrees:  42
    train-auc-mean  train-auc-std  test-auc-mean  test-auc-std
41        0.830024       0.001533       0.760401      0.002959
-----------
[23.0, 18.0, 12.35172504423684, 0.6013952584731886, 0.78305365504982, 18.25382286571098, 0.3016442003690051, 98.58694736557707, 5.404463845485559]
ntrees:  16
    train-auc-mean  train-auc-std  test-auc-mean  test-auc-std
15        0.799864       0.000747       0.754529      0.001763
-----------
[1.0, 10.0, 7.731246595430806, 0.6069681407215525, 0.523102302521876, 24.434234706783013, 0.25122844140317013, 22.97435187726685, 3.0372689337608634]
ntrees:  347
     train-auc-mean  train-auc-std  test-auc-mean  test-auc-std
346        0.765889       0.000666       0.760119      0.002399
-----------
[18.0, 3.0, 3.8026149768967965, 0.5509274456166119, 0.8890417377552144, 24.458490892798537, 0.05089404273796692, 40.60454918095208, 7.6549564300491735]
ntrees:  93
    train-auc-mean  train-auc-std  test-auc-mean  test-auc-std
92        0.884166       0.001618       0.758709      0.003099
-----------
[19.0, 16.0, 17.547132665231153, 0.5483610952387189, 0.409310461388193, 4.0827148880659125, 0.4633532428385199, 66.06875085382539, 6.222854103671084]
ntrees:  101
     train-auc-mean  train-auc-std  test-auc-mean  test-auc-std
100        0.774273       0.000571       0.759764      0.002912
-----------
[7.0, 24.0, 11.640779135484646, 0.8286958504236139, 0.8023459422527492, 13.144358885143635, 0.2723981267744948, 14.739731391204447, 4.310454698083827]
ntrees:  20
    train-auc-mean  train-auc-std  test-auc-mean  test-auc-std
19        0.809919       0.001627       0.757695      0.002847
-----------
[3.0, 24.0, 11.658076061808949, 0.4871481219408866, 0.46206840494672297, 20.179141485485566, 0.1819854812392573, 73.19862963965387, 3.737629382377272]
ntrees:  216
     train-auc-mean  train-auc-std  test-auc-mean  test-auc-std
215        0.783412       0.000985       0.762335      0.002378
-----------
[21.0, 17.0, 1.4718817480434998, 0.5121198576187435, 0.510967949249931, 18.329946495660874, 0.12991174815183676, 85.98846058844536, 3.5494653683294013]
ntrees:  48
    train-auc-mean  train-auc-std  test-auc-mean  test-auc-std
47        0.821363       0.001154       0.758739      0.002851
-----------
[14.0, 16.0, 15.592150168801105, 0.8285242331458572, 0.9894581349264925, 23.82689659924917, 0.07185401520150249, 34.91326395648596, 4.055340267143448]
ntrees:  94
    train-auc-mean  train-auc-std  test-auc-mean  test-auc-std
93        0.901208        0.00095       0.759499      0.002675
-----------
[21.0, 19.0, 0.6227446755063992, 0.9405468864614352, 0.6889304609811421, 19.105252353366616, 0.34508426718435914, 46.344285581589915, 6.716807825667419]
ntrees:  10
   train-auc-mean  train-auc-std  test-auc-mean  test-auc-std
9        0.862795       0.001528        0.75005      0.001357
-----------
[13.0, 4.0, 10.82480409496717, 0.8214174800454563, 0.7762099997677798, 26.502176625345548, 0.2905507587920912, 1.636508922285429, 1.1726270745789056]
ntrees:  7
   train-auc-mean  train-auc-std  test-auc-mean  test-auc-std
6        0.893339       0.001475       0.725911      0.002518
-----------
[14.0, 10.0, 13.428343488768949, 0.5223623721925411, 0.4564263381990243, 16.039545761901458, 0.4343741980228835, 71.83881662162005, 4.4336773199145405]
ntrees:  8
   train-auc-mean  train-auc-std  test-auc-mean  test-auc-std
7        0.778611       0.000887       0.751344        0.0029
-----------
[4.0, 2.0, 9.189240339185991, 0.9944732903273069, 0.46228343103227076, 9.024917552541847, 0.3150152998186964, 86.93544857608636, 8.364509602683302]
ntrees:  88
    train-auc-mean  train-auc-std  test-auc-mean  test-auc-std
87        0.789168       0.000799       0.763226      0.002887
-----------
[2.0, 21.0, 8.862212804031133, 0.483030468787518, 0.994646543612324, 24.592357660939463, 0.18520846914235395, 83.13177282432835, 2.673321978364884]
ntrees:  339
     train-auc-mean  train-auc-std  test-auc-mean  test-auc-std
338        0.776605       0.000694       0.762638      0.002958
-----------
[1.0, 20.0, 2.8518214717446955, 0.8162507385616782, 0.7405238433181127, 21.549290830436647, 0.3105744825659189, 3.2524513395620014, 1.7328812553510762]
ntrees:  518
     train-auc-mean  train-auc-std  test-auc-mean  test-auc-std
517        0.768168       0.000653       0.759768      0.002621
-----------
[6.0, 7.0, 9.942491077786995, 0.7722435617926893, 0.9990612669040703, 29.614401801991637, 0.40152477849018225, 64.83644111662427, 3.4062420960226567]
ntrees:  15
    train-auc-mean  train-auc-std  test-auc-mean  test-auc-std
14        0.785449       0.001006       0.756671      0.002309
-----------
[4.0, 10.0, 17.90570652761701, 0.9390559646323322, 0.7053499990644607, 1.7490008454674895, 0.12045875841228196, 15.1908300778415, 4.327992518150664]
ntrees:  639
     train-auc-mean  train-auc-std  test-auc-mean  test-auc-std
638         0.77277       0.000862       0.762634      0.002027
-----------
[22.0, 5.0, 5.821367108581892, 0.8575617635748551, 0.5283586121075683, 13.68345835541818, 0.4967467107626156, 16.02123694120324, 5.382262318850267]
ntrees:  5
   train-auc-mean  train-auc-std  test-auc-mean  test-auc-std
4        0.884233       0.001211       0.733875        0.0031
-----------
[16.0, 1.0, 1.491506363229076, 0.7109390858435203, 0.9338528946114374, 15.619601244960661, 0.12156234737997083, 85.2341739850988, 7.90707724402119]
ntrees:  56
    train-auc-mean  train-auc-std  test-auc-mean  test-auc-std
55        0.870605       0.001159       0.758612      0.002757
-----------
[10.0, 21.0, 14.665889847354055, 0.40401623033292783, 0.7162238067351945, 7.632774153827867, 0.45790287220599646, 17.60684062113471, 2.10003585547991]
ntrees:  5
   train-auc-mean  train-auc-std  test-auc-mean  test-auc-std
4        0.778165        0.00107        0.74512      0.003697
-----------
[5.0, 1.0, 0.0, 0.8, 0.262794373511187, 2.023344245301038, 0.012291901733646476, 24.93318225415846, 2.379163975624452]
ntrees:  2000
      train-auc-mean  train-auc-std  test-auc-mean  test-auc-std
1999        0.802965       0.000748       0.766415      0.002543
-----------
[5.0, 1.9, 0.0, 0.8, 0.25984558946032654, 2.023344245301038, 0.012291901733646476, 24.93318225415846, 5.396472332181269]
ntrees:  2000
      train-auc-mean  train-auc-std  test-auc-mean  test-auc-std
1999        0.802586       0.000733       0.766447      0.002551
-----------
[5.0, 1.0, 0.0, 0.8, 0.407583809701451, 2.023344245301038, 0.02511061887551362, 16.638968247768403, 1.6516873164662824]
ntrees:  857
     train-auc-mean  train-auc-std  test-auc-mean  test-auc-std
856        0.809393       0.000656          0.766      0.002502
-----------
[5.0, 9.0, 6.165594027385191, 0.8, 0.25984558946032654, 2.023344245301038, 0.012291901733646476, 24.93318225415846, 5.396472332181269]
ntrees:  2000
      train-auc-mean  train-auc-std  test-auc-mean  test-auc-std
1999        0.786361       0.000855       0.765934      0.002374
-----------
[5.0, 1.0, 0.0, 0.8, 0.25984558946032654, 2.023344245301038, 0.012291901733646476, 14.449175235085729, 9.311629606262882]
ntrees:  1652
      train-auc-mean  train-auc-std  test-auc-mean  test-auc-std
1651        0.803611       0.000699       0.766352      0.002657
-----------
[5.0, 2.7, 1.598446813710729, 0.8, 0.407583809701451, 2.023344245301038, 0.012291901733646476, 24.93318225415846, 5.396472332181269]
ntrees:  1820
      train-auc-mean  train-auc-std  test-auc-mean  test-auc-std
1819        0.802401        0.00066       0.766286      0.002539
-----------
[5.0, 1.0, 0.0, 0.8, 0.25984558946032654, 2.2837802141006227, 0.012291901733646476, 16.638968247768403, 1.6516873164662824]
ntrees:  1643
      train-auc-mean  train-auc-std  test-auc-mean  test-auc-std
1642        0.804618       0.000695       0.766393      0.002659
-----------
[5.0, 1.9, 1.598446813710729, 0.8, 0.262794373511187, 2.023344245301038, 0.012291901733646476, 24.93318225415846, 2.379163975624452]
ntrees:  2000
      train-auc-mean  train-auc-std  test-auc-mean  test-auc-std
1999        0.801168       0.000747       0.766402      0.002538
-----------
[5.0, 1.0, 0.0, 0.8, 0.20075030136387678, 2.023344245301038, 0.012291901733646476, 16.638968247768403, 1.6516873164662824]
ntrees:  2000
      train-auc-mean  train-auc-std  test-auc-mean  test-auc-std
1999        0.805065       0.000579       0.766482      0.002681
-----------
[5.0, 0.9, 0.0, 0.8, 0.407583809701451, 2.023344245301038, 0.012291901733646476, 24.93318225415846, 5.396472332181269]
ntrees:  1820
      train-auc-mean  train-auc-std  test-auc-mean  test-auc-std
1819        0.803861       0.000668       0.766289      0.002545
-----------
[2.5, 1.0, 0.0, 0.8, 0.407583809701451, 2.023344245301038, 0.012291901733646476, 24.93318225415846, 5.396472332181269]
ntrees:  2000
      train-auc-mean  train-auc-std  test-auc-mean  test-auc-std
1999        0.768732       0.000587       0.762321      0.001984
-----------
[5.0, 1.0, 0.0, 0.8, 0.25984558946032654, 2.023344245301038, 0.012291901733646476, 16.638968247768403, 1.6516873164662824]
ntrees:  1768
      train-auc-mean  train-auc-std  test-auc-mean  test-auc-std
1767        0.805514       0.000745       0.766404      0.002658
-----------
[5.0, 1.0, 0.0, 0.8, 0.407583809701451, 2.023344245301038, 0.012291901733646476, 24.93318225415846, 2.379163975624452]
ntrees:  2000
      train-auc-mean  train-auc-std  test-auc-mean  test-auc-std
1999        0.807358       0.000653       0.766287      0.002687
-----------
[5.0, 1.9, 0.0, 0.8, 0.262794373511187, 2.023344245301038, 0.012291901733646476, 14.449175235085729, 9.311629606262882]
ntrees:  1652
      train-auc-mean  train-auc-std  test-auc-mean  test-auc-std
1651        0.803611       0.000699       0.766352      0.002657
-----------
[5.0, 1.0, 0.0, 0.8, 0.25984558946032654, 3.2672302952334373, 0.012291901733646476, 24.93318225415846, 5.396472332181269]
ntrees:  1655
      train-auc-mean  train-auc-std  test-auc-mean  test-auc-std
1654        0.803209        0.00071       0.766319       0.00251
-----------
[2.8, 1.0, 0.0, 0.8, 0.407583809701451, 2.023344245301038, 0.012291901733646476, 24.93318225415846, 2.728666434433726]
ntrees:  2000
      train-auc-mean  train-auc-std  test-auc-mean  test-auc-std
1999        0.768746       0.000594       0.762339      0.001972
-----------
[5.0, 1.9, 1.598446813710729, 0.8, 0.407583809701451, 2.023344245301038, 0.012291901733646476, 16.638968247768403, 1.6516873164662824]
ntrees:  1665
      train-auc-mean  train-auc-std  test-auc-mean  test-auc-std
1664        0.806821       0.000659       0.766303      0.002671
-----------
[5.0, 1.9, 0.0, 0.8, 0.407583809701451, 2.023344245301038, 0.012291901733646476, 16.638968247768403, 1.6516873164662824]
ntrees:  1643
      train-auc-mean  train-auc-std  test-auc-mean  test-auc-std
1642        0.807419       0.000651       0.766283      0.002575
-----------
[5.0, 0.9, 0.0, 0.8, 0.262794373511187, 2.023344245301038, 0.012291901733646476, 24.93318225415846, 2.379163975624452]
ntrees:  2000
      train-auc-mean  train-auc-std  test-auc-mean  test-auc-std
1999        0.802961       0.000757         0.7664      0.002581
-----------
[5.0, 1.0, 0.0, 0.4109712076056172, 0.262794373511187, 2.023344245301038, 0.012291901733646476, 16.527833576561797, 2.379163975624452]
ntrees:  1660
      train-auc-mean  train-auc-std  test-auc-mean  test-auc-std
1659        0.798317       0.000777       0.765892      0.002654
-----------
[5.0, 1.9, 0.0, 0.8, 0.262794373511187, 3.023333798173807, 0.012291901733646476, 24.93318225415846, 5.396472332181269]
ntrees:  1656
      train-auc-mean  train-auc-std  test-auc-mean  test-auc-std
1655          0.8023       0.000717       0.766364      0.002574
-----------
[5.0, 1.0, 0.0, 0.8, 0.407583809701451, 2.2837802141006227, 0.012291901733646476, 14.449175235085729, 9.311629606262882]
ntrees:  1547
      train-auc-mean  train-auc-std  test-auc-mean  test-auc-std
1546        0.806975       0.000532       0.766208      0.002387
-----------
[5.0, 9.0, 6.165594027385191, 0.8, 0.407583809701451, 2.023344245301038, 0.012291901733646476, 14.449175235085729, 9.311629606262882]
ntrees:  2000
      train-auc-mean  train-auc-std  test-auc-mean  test-auc-std
1999        0.799707       0.000787       0.766337      0.002525
-----------
[6.0, 18.0, 0.0, 0.8, 0.407583809701451, 2.023344245301038, 0.012291901733646476, 24.93318225415846, 5.396472332181269]
ntrees:  1517
      train-auc-mean  train-auc-std  test-auc-mean  test-auc-std
1516        0.813072       0.000631       0.766263      0.002611
-----------
[5.0, 1.9, 0.0, 0.8, 0.20487859903508138, 2.023344245301038, 0.012291901733646476, 24.93318225415846, 1.1722406330017254]
ntrees:  2000
      train-auc-mean  train-auc-std  test-auc-mean  test-auc-std
1999        0.798743       0.000633       0.766412      0.002588
-----------
[5.0, 1.9, 0.0, 0.8, 0.407583809701451, 2.2837802141006227, 0.012291901733646476, 14.449175235085729, 9.311629606262882]
ntrees:  1547
      train-auc-mean  train-auc-std  test-auc-mean  test-auc-std
1546        0.806975       0.000532       0.766208      0.002387
-----------
[5.0, 2.0, 1.598446813710729, 0.8, 0.407583809701451, 2.023344245301038, 0.012291901733646476, 16.638968247768403, 1.6516873164662824]
ntrees:  1642
      train-auc-mean  train-auc-std  test-auc-mean  test-auc-std
1641        0.806291       0.000665       0.766278      0.002624
-----------
[2.9, 1.0, 0.0, 0.8, 0.407583809701451, 2.023344245301038, 0.012291901733646476, 16.638968247768403, 1.6516873164662824]
ntrees:  2000
      train-auc-mean  train-auc-std  test-auc-mean  test-auc-std
1999        0.769187       0.000585       0.762437      0.001982
-----------
[5.0, 9.0, 6.165594027385191, 0.8, 0.407583809701451, 2.023344245301038, 0.012291901733646476, 24.93318225415846, 5.396472332181269]
ntrees:  2000
      train-auc-mean  train-auc-std  test-auc-mean  test-auc-std
1999        0.790819       0.000773       0.765987      0.002409
-----------
[5.0, 0.9, 0.0, 0.8, 0.407583809701451, 2.023344245301038, 0.012291901733646476, 14.449175235085729, 9.311629606262882]
ntrees:  1665
      train-auc-mean  train-auc-std  test-auc-mean  test-auc-std
1664        0.808106       0.000609       0.766327      0.002617
-----------
[5.0, 1.0, 0.0, 0.6725608596138329, 0.407583809701451, 2.023344245301038, 0.012291901733646476, 14.449175235085729, 9.311629606262882]
ntrees:  1583
      train-auc-mean  train-auc-std  test-auc-mean  test-auc-std
1582        0.805218       0.000698       0.766117      0.002604
-----------
[5.0, 9.0, 6.165594027385191, 0.8, 0.25984558946032654, 2.4399817205389525, 0.012291901733646476, 24.93318225415846, 5.396472332181269]
ntrees:  2000
      train-auc-mean  train-auc-std  test-auc-mean  test-auc-std
1999        0.791691       0.000826       0.766222      0.002538
-----------
[4.0, 15.0, 0.0, 0.8, 0.407583809701451, 2.023344245301038, 0.012291901733646476, 15.51315272313796, 5.396472332181269]
ntrees:  2000
      train-auc-mean  train-auc-std  test-auc-mean  test-auc-std
1999         0.79427       0.000688       0.766149      0.002449
-----------
[6.0, 18.0, 0.0, 0.8, 0.407583809701451, 3.2672302952334373, 0.012291901733646476, 24.93318225415846, 1.5385540971745804]
ntrees:  1283
      train-auc-mean  train-auc-std  test-auc-mean  test-auc-std
1282        0.817425        0.00058       0.766074      0.002545
-----------
[5.0, 1.9, 0.0, 0.8, 0.262794373511187, 2.023344245301038, 0.012291901733646476, 24.93318225415846, 5.396472332181269]
ntrees:  2000
      train-auc-mean  train-auc-std  test-auc-mean  test-auc-std
1999        0.802586       0.000733       0.766447      0.002551
-----------
[5.0, 1.0, 1.598446813710729, 0.8, 0.407583809701451, 2.023344245301038, 0.012291901733646476, 24.93318225415846, 5.396472332181269]
ntrees:  2000
      train-auc-mean  train-auc-std  test-auc-mean  test-auc-std
1999        0.805313       0.000658       0.766243      0.002582
-----------
[10.0, 6.0, 8.458236642516027, 0.47238870406910577, 0.551664367271483, 9.270784232855215, 0.3016442003690051, 40.60454918095208, 4.310454698083827]
ntrees:  15
    train-auc-mean  train-auc-std  test-auc-mean  test-auc-std
14         0.79847       0.000342       0.754371      0.002381
-----------
[19.0, 2.0, 3.306990362827844, 0.9695021552928015, 0.5950981444521727, 13.362665610763903, 0.25122844140317013, 66.06875085382539, 3.737629382377272]
ntrees:  14
    train-auc-mean  train-auc-std  test-auc-mean  test-auc-std
13         0.85033       0.000805       0.754578      0.003176
-----------
[15.0, 2.0, 15.99727488412491, 0.5744677446877737, 0.434683948126981, 18.25382286571098, 0.05089404273796692, 14.739731391204447, 3.5494653683294013]
ntrees:  84
    train-auc-mean  train-auc-std  test-auc-mean  test-auc-std
83         0.87432       0.000478       0.760047      0.002805
-----------
[5.0, 1.0, 8.509926151563725, 0.9767895417237773, 0.5592402310260303, 24.434234706783013, 0.4633532428385199, 73.19862963965387, 4.055340267143448]
ntrees:  18
    train-auc-mean  train-auc-std  test-auc-mean  test-auc-std
17        0.780543       0.000619       0.759189      0.001867
-----------
[3.0, 19.0, 10.212082726731769, 0.4135628048309907, 0.78305365504982, 24.458490892798537, 0.2723981267744948, 85.98846058844536, 6.716807825667419]
ntrees:  80
    train-auc-mean  train-auc-std  test-auc-mean  test-auc-std
79        0.774271       0.000728       0.760731      0.002111
-----------
[23.0, 19.0, 7.93558373482586, 0.7217735675974375, 0.523102302521876, 4.0827148880659125, 0.1819854812392573, 34.91326395648596, 1.1726270745789056]
ntrees:  26
    train-auc-mean  train-auc-std  test-auc-mean  test-auc-std
25        0.797026       0.001383       0.760574      0.002065
-----------
[3.0, 17.0, 15.829038239488915, 0.6013952584731886, 0.8890417377552144, 13.144358885143635, 0.12991174815183676, 46.344285581589915, 4.4336773199145405]
ntrees:  301
     train-auc-mean  train-auc-std  test-auc-mean  test-auc-std
300         0.78858       0.000842       0.763973      0.002752
-----------
[11.0, 9.0, 1.279746030433908, 0.6069681407215525, 0.409310461388193, 20.179141485485566, 0.07185401520150249, 1.636508922285429, 8.364509602683302]
ntrees:  36
    train-auc-mean  train-auc-std  test-auc-mean  test-auc-std
35        0.864925       0.001493       0.754023      0.001836
-----------
[7.0, 18.0, 12.35172504423684, 0.5509274456166119, 0.8023459422527492, 18.329946495660874, 0.34508426718435914, 71.83881662162005, 2.673321978364884]
ntrees:  18
    train-auc-mean  train-auc-std  test-auc-mean  test-auc-std
17        0.787113       0.001052       0.756733      0.002465
-----------
[11.0, 10.0, 7.731246595430806, 0.5483610952387189, 0.46206840494672297, 23.82689659924917, 0.2905507587920912, 86.93544857608636, 1.7328812553510762]
ntrees:  19
    train-auc-mean  train-auc-std  test-auc-mean  test-auc-std
18        0.799221       0.000801       0.754475      0.003249
-----------
[23.0, 3.0, 3.8026149768967965, 0.8286958504236139, 0.510967949249931, 19.105252353366616, 0.4343741980228835, 83.13177282432835, 3.4062420960226567]
ntrees:  8
   train-auc-mean  train-auc-std  test-auc-mean  test-auc-std
7        0.817018       0.001604       0.749502      0.001974
-----------
[1.0, 16.0, 17.547132665231153, 0.4871481219408866, 0.9894581349264925, 26.502176625345548, 0.3150152998186964, 3.2524513395620014, 4.327992518150664]
ntrees:  333
     train-auc-mean  train-auc-std  test-auc-mean  test-auc-std
332        0.765841         0.0007       0.759013      0.002398
-----------
[18.0, 24.0, 11.640779135484646, 0.5121198576187435, 0.6889304609811421, 16.039545761901458, 0.18520846914235395, 64.83644111662427, 5.382262318850267]
ntrees:  22
    train-auc-mean  train-auc-std  test-auc-mean  test-auc-std
21        0.800558       0.000496       0.757214      0.001603
-----------
[19.0, 24.0, 11.658076061808949, 0.8285242331458572, 0.7762099997677798, 9.024917552541847, 0.3105744825659189, 15.1908300778415, 7.90707724402119]
ntrees:  11
    train-auc-mean  train-auc-std  test-auc-mean  test-auc-std
10        0.863595       0.000622       0.748183      0.003607
-----------
[7.0, 17.0, 1.4718817480434998, 0.9405468864614352, 0.4564263381990243, 24.592357660939463, 0.40152477849018225, 16.02123694120324, 2.10003585547991]
ntrees:  13
    train-auc-mean  train-auc-std  test-auc-mean  test-auc-std
12        0.805973       0.000261       0.754308       0.00321
-----------
[3.0, 16.0, 15.592150168801105, 0.8214174800454563, 0.46228343103227076, 21.549290830436647, 0.12045875841228196, 85.2341739850988, 7.621146692684986]
ntrees:  426
     train-auc-mean  train-auc-std  test-auc-mean  test-auc-std
425        0.789165       0.000598       0.763852      0.002702
-----------
[21.0, 19.0, 0.6227446755063992, 0.5223623721925411, 0.994646543612324, 29.614401801991637, 0.4967467107626156, 17.60684062113471, 5.125954512729288]
ntrees:  3
   train-auc-mean  train-auc-std  test-auc-mean  test-auc-std
2        0.792807       0.001133       0.734219      0.003801
