-----------
[5.0, 1.0, 0.0, 0.8, 0.8, 1.0, 0.01, 0.0, 1.0]
ntrees:  1000
     train-auc-mean  train-auc-std  test-auc-mean  test-auc-std
999        0.870805       0.000788       0.855868      0.003847
-----------
[1.0, 16.0, 2.406413614236346, 0.9491703705136394, 0.6398668922205842, 8.741050238956417, 0.018065521363574203, 74.23452861852329, 8.90955219905697]
ntrees:  1000
     train-auc-mean  train-auc-std  test-auc-mean  test-auc-std
999        0.837538       0.000889       0.835964      0.003254
-----------
[7.0, 2.0, 3.3012591002383673, 0.9728522339150697, 0.9422850227947678, 9.169099564395065, 0.39872560404014207, 31.23952362963007, 8.4958726606866]
ntrees:  20
    train-auc-mean  train-auc-std  test-auc-mean  test-auc-std
19         0.88181       0.000908       0.855442      0.003385
-----------
[8.0, 1.0, 4.060676223280425, 0.7634212740564505, 0.9665948338987111, 6.441334711715239, 0.2907523527549892, 91.55109780721644, 3.1402232260446357]
ntrees:  40
    train-auc-mean  train-auc-std  test-auc-mean  test-auc-std
39        0.880577       0.000537       0.855361      0.004114
-----------
[10.0, 3.0, 0.5556366374487587, 0.4227875564013439, 0.7364883331741263, 8.95502645182711, 0.04849737336527855, 91.63521599149823, 1.7948725370873806]
ntrees:  317
     train-auc-mean  train-auc-std  test-auc-mean  test-auc-std
316        0.891461       0.000719       0.855859      0.003672
-----------
[4.0, 1.0, 8.600539295625348, 0.6287911875483464, 0.9073634539714577, 8.432672448601073, 0.36714868801731043, 15.689344580456499, 4.9464302840980015]
ntrees:  56
    train-auc-mean  train-auc-std  test-auc-mean  test-auc-std
55        0.868912       0.001021       0.853668      0.003794
-----------
[3.0, 18.0, 9.948902178259328, 0.9046314980578359, 0.957138097831606, 1.9130762073307999, 0.405530718201805, 61.26342560473025, 6.0084051637113465]
ntrees:  454
     train-auc-mean  train-auc-std  test-auc-mean  test-auc-std
453        0.862631       0.000881       0.855571      0.003638
-----------
[3.0, 19.0, 3.8198270271579107, 0.6894578351126261, 0.5543713770110725, 7.700465312009595, 0.4411659710186625, 33.630556284485, 8.12897185311772]
ntrees:  170
     train-auc-mean  train-auc-std  test-auc-mean  test-auc-std
169        0.871412       0.000965       0.853289      0.003369
-----------
[4.0, 5.0, 0.7288793307308084, 0.5103456644003924, 0.9915840895421646, 7.37052947906404, 0.1298730199798663, 79.21965728033653, 1.2963279227039668]
ntrees:  256
     train-auc-mean  train-auc-std  test-auc-mean  test-auc-std
255        0.870964       0.001079       0.855994      0.003483
-----------
[7.0, 7.0, 7.2638166469780625, 0.6709012014870157, 0.4883125859162781, 9.543938021340644, 0.4521851205795392, 29.898044584589258, 4.590852969595296]
ntrees:  22
    train-auc-mean  train-auc-std  test-auc-mean  test-auc-std
21         0.87717       0.000882       0.851384      0.003819
-----------
[8.0, 14.0, 3.0380574738275024, 0.7043919984115155, 0.4310281356119883, 4.616860239564879, 0.09639859847135122, 42.29455769723211, 6.484319919404111]
ntrees:  165
     train-auc-mean  train-auc-std  test-auc-mean  test-auc-std
164        0.891123       0.000612       0.857509      0.003645
-----------
[17.0, 3.0, 2.08877085883222, 0.7141597135637903, 0.7236072741733259, 6.826557828783745, 0.23443143055732438, 61.99297992989442, 4.0067249368854565]
ntrees:  24
    train-auc-mean  train-auc-std  test-auc-mean  test-auc-std
23        0.899641       0.000586       0.852705      0.003414
-----------
[17.0, 1.0, 6.104416783252777, 0.6519543237791199, 0.7872378413065656, 4.131766596817136, 0.2826996202923969, 36.2558391179784, 5.49745766949649]
ntrees:  22
    train-auc-mean  train-auc-std  test-auc-mean  test-auc-std
21        0.891007       0.000882       0.853862      0.003937
-----------
[13.0, 13.0, 3.224633105854261, 0.5926411019336242, 0.9608199062209277, 7.060561273173503, 0.33119700512992273, 26.244867234839774, 4.465833902956942]
ntrees:  11
    train-auc-mean  train-auc-std  test-auc-mean  test-auc-std
10        0.896812       0.000809       0.850075      0.003473
-----------
[14.0, 11.0, 1.3634781552242814, 0.8727750176675034, 0.7529301777140894, 2.631888335731908, 0.0800972967285068, 56.14007242778667, 2.6840193359695235]
ntrees:  146
     train-auc-mean  train-auc-std  test-auc-mean  test-auc-std
145         0.90052       0.000638       0.857937      0.003718
-----------
[18.0, 3.0, 3.919072235989649, 0.9955728930841258, 0.5634079000700735, 6.310456414812638, 0.2605292769196807, 45.23389112506649, 2.3449984943559468]
ntrees:  24
    train-auc-mean  train-auc-std  test-auc-mean  test-auc-std
23         0.91624       0.001318       0.853929      0.004387
-----------
[15.0, 8.0, 3.337740076126855, 0.9220735376561481, 0.5968064613556809, 3.1066473424442167, 0.041288623641959864, 40.12178383050822, 6.976595674488495]
ntrees:  261
     train-auc-mean  train-auc-std  test-auc-mean  test-auc-std
260        0.907762       0.000579       0.859293      0.003717
-----------
[18.0, 18.0, 9.961689259761075, 0.5427240616964162, 0.9466483029826416, 7.287381794329605, 0.18282751949169093, 40.14339068761702, 6.239212975792191]
ntrees:  30
    train-auc-mean  train-auc-std  test-auc-mean  test-auc-std
29        0.890614       0.000199       0.853656      0.003436
-----------
[15.0, 9.0, 4.625809491405755, 0.9404618495562136, 0.4326720995077533, 3.8717927514187864, 0.07945302026735544, 76.36849533404045, 8.331381314234967]
ntrees:  319
     train-auc-mean  train-auc-std  test-auc-mean  test-auc-std
318        0.892138       0.000674       0.858542      0.003648
-----------
[6.0, 5.0, 4.819926090821504, 0.698462283354044, 0.577388050714758, 1.542062631388715, 0.2514691879705336, 50.35845588390024, 4.421479115790016]
ntrees:  345
     train-auc-mean  train-auc-std  test-auc-mean  test-auc-std
344        0.872036       0.000824       0.857111      0.003589
-----------
[5.0, 10.0, 9.361719919819093, 0.49896415947586487, 0.6797122601327715, 9.94961110793027, 0.30071107246456014, 43.967139299384115, 8.316462972745075]
ntrees:  56
    train-auc-mean  train-auc-std  test-auc-mean  test-auc-std
55        0.869234       0.000913       0.852628      0.003139
-----------
[9.0, 4.0, 5.364332910062616, 0.5166338522091805, 0.6834439067309794, 7.931092723031562, 0.14893243027845887, 81.98968101917745, 4.578947585733129]
ntrees:  103
     train-auc-mean  train-auc-std  test-auc-mean  test-auc-std
102        0.886006       0.000823       0.855389       0.00366
-----------
[3.0, 7.0, 4.760366698323699, 0.6680715920999901, 0.5049452639374333, 7.407225111754705, 0.007687733980168752, 32.792793579054944, 7.830071856897426]
ntrees:  1000
     train-auc-mean  train-auc-std  test-auc-mean  test-auc-std
999        0.848792       0.000851       0.845342      0.003544
-----------
[12.0, 13.0, 4.055120967789948, 0.4193938472986829, 0.5895510449269006, 3.792531829643209, 0.23196892692541812, 87.33576255778416, 5.047541912957314]
ntrees:  87
    train-auc-mean  train-auc-std  test-auc-mean  test-auc-std
86        0.872555       0.000803       0.853285      0.003406
-----------
[16.0, 9.0, 7.165101037657614, 0.8692783588834329, 0.5534891407168168, 4.057064013700361, 0.36149713278690965, 27.68457440984853, 7.23927523399297]
ntrees:  17
    train-auc-mean  train-auc-std  test-auc-mean  test-auc-std
16        0.891322       0.000651       0.853693      0.003374
-----------
[13.0, 17.0, 8.734442328678867, 0.44791513754844947, 0.6089085857481855, 3.9850763479444815, 0.4821009463008167, 52.14063170735748, 8.273123164786545]
ntrees:  22
    train-auc-mean  train-auc-std  test-auc-mean  test-auc-std
21        0.866337       0.000465       0.850421       0.00315
-----------
[14.0, 11.0, 6.8342199163679185, 0.7136634416398161, 0.47858040792856155, 3.62891330846143, 0.0434885933427787, 32.1071744600882, 2.2563465552890856]
ntrees:  286
     train-auc-mean  train-auc-std  test-auc-mean  test-auc-std
285        0.896011       0.000573       0.859088      0.003645
-----------
[8.0, 14.0, 4.733147557872543, 0.6088902637921075, 0.7666175107414683, 4.069165869047383, 0.41445309139646386, 48.34413456401023, 7.636252903112645]
ntrees:  24
    train-auc-mean  train-auc-std  test-auc-mean  test-auc-std
23        0.874731       0.001052       0.853114      0.003567
-----------
[13.0, 18.0, 9.535802350694185, 0.8653466555162969, 0.41371452975801204, 7.807189833916013, 0.36530492293135847, 66.52009280432584, 8.059882334233773]
ntrees:  41
    train-auc-mean  train-auc-std  test-auc-mean  test-auc-std
40        0.889488       0.000924       0.853301       0.00339
-----------
[6.0, 10.0, 0.6003446397052092, 0.4270643068563954, 0.47424200989703863, 3.0213017936770337, 0.22417817259946551, 19.062643589042093, 5.405295155610799]
ntrees:  59
    train-auc-mean  train-auc-std  test-auc-mean  test-auc-std
58        0.872928        0.00049       0.853822      0.003354
-----------
[12.0, 11.0, 6.147133953078031, 0.6505369523163129, 0.6243966163717146, 6.269698551511158, 0.39424123209658096, 61.17324655468439, 7.391137067331624]
ntrees:  17
    train-auc-mean  train-auc-std  test-auc-mean  test-auc-std
16        0.877732       0.000536       0.851611      0.003303
-----------
[19.0, 8.0, 5.0561726225924675, 0.7725066282085283, 0.7092597762576408, 4.923908380905801, 0.4128976077779374, 77.03856870600222, 8.287462439427337]
ntrees:  24
    train-auc-mean  train-auc-std  test-auc-mean  test-auc-std
23        0.885964       0.000841       0.852604      0.004133
-----------
[9.0, 7.0, 9.840585710271485, 0.4446655023303018, 0.5311064174006088, 9.638769132266644, 0.47593733395949794, 42.754392616227264, 7.518866512401885]
ntrees:  15
    train-auc-mean  train-auc-std  test-auc-mean  test-auc-std
14        0.869241       0.000444       0.847492      0.003555
-----------
[17.0, 17.0, 1.1327214716345924, 0.46174785759013964, 0.5191971809692638, 3.320258650730928, 0.055176117198683955, 94.73742305187643, 3.8339995383391576]
ntrees:  432
     train-auc-mean  train-auc-std  test-auc-mean  test-auc-std
431        0.879526         0.0007       0.855871      0.003802
-----------
[3.0, 19.0, 9.909035119718023, 0.6993810732714257, 0.8145211284206239, 1.317421592899906, 0.13066160167597016, 21.696932113126255, 8.105102114103062]
ntrees:  1000
     train-auc-mean  train-auc-std  test-auc-mean  test-auc-std
999        0.863924        0.00091       0.857141      0.003693
-----------
[1.0, 14.0, 3.1267953335336185, 0.9139314574701293, 0.5446206958241113, 3.4199764844020066, 0.4747195424373312, 11.589656933540704, 2.960010903234454]
ntrees:  777
     train-auc-mean  train-auc-std  test-auc-mean  test-auc-std
776        0.847446       0.000792       0.842444      0.003483
-----------
[7.0, 9.0, 6.546340510241777, 0.7736057241971268, 0.9322123405822398, 6.488596076752363, 0.159797855665395, 66.49079970315769, 9.667955722337862]
ntrees:  83
    train-auc-mean  train-auc-std  test-auc-mean  test-auc-std
82         0.88162       0.000665       0.857083      0.003526
-----------
[1.0, 3.0, 7.004932405567439, 0.49246947256909007, 0.4262256616440505, 9.771049297143891, 0.14667868764105865, 31.4746344098614, 3.565685283901583]
ntrees:  810
     train-auc-mean  train-auc-std  test-auc-mean  test-auc-std
809        0.845111       0.000863       0.841844      0.003528
-----------
[2.0, 4.0, 8.086645831248868, 0.9357587400731515, 0.4857059476162801, 4.267646737634788, 0.02964423016566562, 72.12823100486456, 5.468809766972436]
ntrees:  1000
     train-auc-mean  train-auc-std  test-auc-mean  test-auc-std
999        0.850476       0.000774       0.846522      0.003743
-----------
[14.0, 11.0, 5.774552564981268, 0.48130409758787246, 0.7713741896880617, 1.9288143338277455, 0.4887212086895608, 26.740116270729708, 9.108906252228227]
ntrees:  17
    train-auc-mean  train-auc-std  test-auc-mean  test-auc-std
16        0.867717       0.000823       0.851214       0.00329
-----------
[18.0, 16.0, 8.63460519003323, 0.5302098202550867, 0.8467856046764137, 4.988194285290778, 0.10016824405845688, 70.07193467396277, 6.165757041696211]
ntrees:  142
     train-auc-mean  train-auc-std  test-auc-mean  test-auc-std
141         0.88333       0.000569       0.856543      0.003712
-----------
[14.0, 19.0, 0.7042839662994305, 0.6868569530202286, 0.44614518377216367, 2.341349985276804, 0.06156046214961003, 28.737363589107932, 7.313751260599432]
ntrees:  211
     train-auc-mean  train-auc-std  test-auc-mean  test-auc-std
210        0.903329       0.000707       0.857184      0.003756
-----------
[5.0, 2.0, 4.919300257349666, 0.7624133659060547, 0.8885727104188476, 2.42874179643301, 0.07133061070848142, 56.25313109594294, 9.324900842115984]
ntrees:  638
     train-auc-mean  train-auc-std  test-auc-mean  test-auc-std
637        0.877144       0.000783       0.858377      0.003748
-----------
[6.0, 13.0, 7.1419191079439095, 0.7031524000017593, 0.4583548902721729, 7.563159906228904, 0.18556178709622903, 85.05985577132698, 9.928538459607507]
ntrees:  156
     train-auc-mean  train-auc-std  test-auc-mean  test-auc-std
155         0.87888       0.000789       0.856366       0.00349
-----------
[14.0, 3.0, 9.426170422181825, 0.5894400671590989, 0.44506935697901984, 3.720924791150017, 0.4724289467994954, 10.527973808019176, 1.759566425595028]
ntrees:  10
   train-auc-mean  train-auc-std  test-auc-mean  test-auc-std
9        0.882486       0.003094       0.846318      0.003623
-----------
[10.0, 16.0, 4.721410335688661, 0.8604729094267938, 0.6107789052142303, 3.1503018818019477, 0.08424829242687336, 87.11071768068864, 9.570222424269407]
ntrees:  343
     train-auc-mean  train-auc-std  test-auc-mean  test-auc-std
342        0.883439       0.000778        0.85835      0.003774
-----------
[10.0, 14.0, 8.547070953270735, 0.5279349704662923, 0.48719273622705767, 6.1787501662663225, 0.023885505870438296, 31.298429325126143, 6.7367364178347575]
ntrees:  542
     train-auc-mean  train-auc-std  test-auc-mean  test-auc-std
541        0.896622       0.000596         0.8584      0.003561
-----------
[8.0, 15.0, 8.574611755172977, 0.6811935991857605, 0.730303398245201, 6.6677099270418365, 0.05142002565366427, 44.73320353942829, 3.4868041845457776]
ntrees:  261
     train-auc-mean  train-auc-std  test-auc-mean  test-auc-std
260        0.892066       0.000509       0.858759      0.003807
-----------
[19.0, 8.0, 3.104530243782789, 0.8855345330311466, 0.9986104016962932, 7.176201978663794, 0.15640608379464288, 28.76461212920528, 4.188861079978983]
ntrees:  34
    train-auc-mean  train-auc-std  test-auc-mean  test-auc-std
33        0.949933       0.000277       0.855107      0.002685
-----------
[1.0, 15.0, 1.8409179827948885, 0.9041221281087333, 0.5727087584509347, 7.969229476742887, 0.15310747993270996, 96.64282848978543, 6.19190595312297]
ntrees:  1000
     train-auc-mean  train-auc-std  test-auc-mean  test-auc-std
999        0.844877       0.000859       0.841871      0.003502
-----------
[15.0, 8.0, 3.337740076126855, 0.4677957625458424, 0.5968064613556809, 3.1066473424442167, 0.0434885933427787, 32.1071744600882, 2.2563465552890856]
ntrees:  249
     train-auc-mean  train-auc-std  test-auc-mean  test-auc-std
248        0.897262       0.000683       0.857128      0.003617
-----------
[14.0, 11.0, 6.8342199163679185, 0.7136634416398161, 0.47858040792856155, 3.62891330846143, 0.041288623641959864, 23.757436305575887, 6.976595674488495]
ntrees:  257
     train-auc-mean  train-auc-std  test-auc-mean  test-auc-std
256        0.901224       0.000644       0.858942      0.003676
-----------
[15.0, 8.0, 3.337740076126855, 0.6811935991857605, 0.730303398245201, 6.6677099270418365, 0.05142002565366427, 23.673301250441526, 1.5032548726680544]
ntrees:  114
     train-auc-mean  train-auc-std  test-auc-mean  test-auc-std
113        0.936551       0.000387       0.857478      0.003328
-----------
[8.0, 15.0, 8.574611755172977, 0.9220735376561481, 0.5968064613556809, 3.1066473424442167, 0.041288623641959864, 40.12178383050822, 6.976595674488495]
ntrees:  562
     train-auc-mean  train-auc-std  test-auc-mean  test-auc-std
561        0.884514        0.00058       0.859857      0.003654
-----------
[14.0, 11.0, 6.8342199163679185, 0.7136634416398161, 0.730303398245201, 6.6677099270418365, 0.05142002565366427, 44.73320353942829, 1.819909230100052]
ntrees:  164
     train-auc-mean  train-auc-std  test-auc-mean  test-auc-std
163        0.910383       0.000554       0.857979      0.003528
-----------
[5.1000000000000005, 15.0, 8.574611755172977, 0.6811935991857605, 0.47858040792856155, 3.62891330846143, 0.0434885933427787, 32.1071744600882, 2.2563465552890856]
ntrees:  746
     train-auc-mean  train-auc-std  test-auc-mean  test-auc-std
745         0.87709       0.000679       0.858438      0.003614
-----------
[15.0, 9.0, 4.625809491405755, 0.9404618495562136, 0.4326720995077533, 3.8717927514187864, 0.07945302026735544, 76.36849533404045, 4.004877218370397]
ntrees:  295
     train-auc-mean  train-auc-std  test-auc-mean  test-auc-std
294        0.891354       0.000796       0.858647        0.0036
-----------
[15.0, 8.0, 3.337740076126855, 0.9220735376561481, 0.5968064613556809, 2.22217753979884, 0.041288623641959864, 40.12178383050822, 6.976595674488495]
ntrees:  354
     train-auc-mean  train-auc-std  test-auc-mean  test-auc-std
353        0.898819       0.000684       0.859453      0.003845
-----------
[15.0, 8.0, 3.337740076126855, 0.9220735376561481, 0.5968064613556809, 3.1066473424442167, 0.023885505870438296, 31.298429325126143, 6.7367364178347575]
ntrees:  390
     train-auc-mean  train-auc-std  test-auc-mean  test-auc-std
389        0.914003       0.000508       0.859548      0.003474
-----------
[10.0, 14.0, 8.547070953270735, 0.5279349704662923, 0.48719273622705767, 6.1787501662663225, 0.041288623641959864, 40.12178383050822, 6.976595674488495]
ntrees:  302
     train-auc-mean  train-auc-std  test-auc-mean  test-auc-std
301        0.888428       0.000781       0.857646      0.003583
-----------
[15.0, 8.0, 3.337740076126855, 0.9220735376561481, 0.5968064613556809, 3.1066473424442167, 0.041288623641959864, 56.25313109594294, 9.324900842115984]
ntrees:  343
     train-auc-mean  train-auc-std  test-auc-mean  test-auc-std
342        0.899879       0.000691       0.859223      0.003722
-----------
[5.0, 2.0, 4.919300257349666, 0.7624133659060547, 0.8885727104188476, 2.42874179643301, 0.07133061070848142, 40.12178383050822, 6.976595674488495]
ntrees:  375
     train-auc-mean  train-auc-std  test-auc-mean  test-auc-std
374        0.875723       0.000991       0.858438      0.003651
-----------
[15.0, 8.0, 3.337740076126855, 0.9220735376561481, 0.5968064613556809, 3.1066473424442167, 0.08424829242687336, 87.11071768068864, 9.570222424269407]
ntrees:  244
     train-auc-mean  train-auc-std  test-auc-mean  test-auc-std
243        0.888863       0.000848       0.858229      0.003719
-----------
[5.8, 16.0, 4.721410335688661, 0.43032842564365864, 0.6107789052142303, 3.1503018818019477, 0.041288623641959864, 40.12178383050822, 6.976595674488495]
ntrees:  705
     train-auc-mean  train-auc-std  test-auc-mean  test-auc-std
704        0.874037       0.000711       0.857181      0.003849
-----------
[15.0, 9.0, 4.625809491405755, 0.9404618495562136, 0.4326720995077533, 3.8717927514187864, 0.07945302026735544, 32.1071744600882, 2.2563465552890856]
ntrees:  137
     train-auc-mean  train-auc-std  test-auc-mean  test-auc-std
136        0.911509       0.000945       0.858667      0.003452
-----------
[14.0, 11.0, 6.8342199163679185, 0.33811268605278966, 0.47858040792856155, 3.62891330846143, 0.0434885933427787, 76.36849533404045, 8.331381314234967]
ntrees:  1000
     train-auc-mean  train-auc-std  test-auc-mean  test-auc-std
999        0.870948       0.000765       0.855832      0.003648
-----------
[14.0, 6.800000000000001, 8.547070953270735, 0.5279349704662923, 0.48719273622705767, 6.1787501662663225, 0.052352259275968024, 31.298429325126143, 6.7367364178347575]
ntrees:  199
     train-auc-mean  train-auc-std  test-auc-mean  test-auc-std
198        0.899793       0.000802       0.857256      0.003957
-----------
[10.0, 11.0, 6.8342199163679185, 0.7136634416398161, 0.47858040792856155, 3.62891330846143, 0.0434885933427787, 32.1071744600882, 2.2563465552890856]
ntrees:  317
     train-auc-mean  train-auc-std  test-auc-mean  test-auc-std
316        0.891821       0.000837       0.859145      0.003667
-----------
[14.0, 11.0, 6.8342199163679185, 0.7624133659060547, 0.8885727104188476, 2.42874179643301, 0.07133061070848142, 56.25313109594294, 9.324900842115984]
ntrees:  477
     train-auc-mean  train-auc-std  test-auc-mean  test-auc-std
476        0.884588       0.000794       0.858849      0.003818
-----------
[5.0, 2.0, 4.919300257349666, 0.7136634416398161, 0.47858040792856155, 3.62891330846143, 0.0434885933427787, 32.1071744600882, 2.2563465552890856]
ntrees:  711
     train-auc-mean  train-auc-std  test-auc-mean  test-auc-std
710        0.881294        0.00065       0.858552      0.003703
-----------
[14.0, 11.0, 6.8342199163679185, 0.7136634416398161, 0.6107789052142303, 3.1503018818019477, 0.08424829242687336, 87.11071768068864, 9.570222424269407]
ntrees:  616
     train-auc-mean  train-auc-std  test-auc-mean  test-auc-std
615         0.87902       0.000769       0.857936      0.003523
-----------
[10.0, 16.0, 4.721410335688661, 0.8604729094267938, 0.47858040792856155, 3.62891330846143, 0.0434885933427787, 32.1071744600882, 2.2563465552890856]
ntrees:  285
     train-auc-mean  train-auc-std  test-auc-mean  test-auc-std
284        0.899113       0.000493        0.85943      0.003607
-----------
[15.0, 9.0, 8.574611755172977, 0.6811935991857605, 0.730303398245201, 6.6677099270418365, 0.05142002565366427, 44.73320353942829, 3.4868041845457776]
ntrees:  169
     train-auc-mean  train-auc-std  test-auc-mean  test-auc-std
168         0.90535       0.000375       0.858106      0.003468
-----------
[3.8000000000000003, 15.0, 4.625809491405755, 0.9404618495562136, 0.4326720995077533, 3.8717927514187864, 0.07945302026735544, 76.36849533404045, 8.331381314234967]
ntrees:  1000
     train-auc-mean  train-auc-std  test-auc-mean  test-auc-std
999        0.867633        0.00084       0.856742      0.003826
-----------
[14.0, 11.0, 1.3634781552242814, 0.8727750176675034, 0.3427717041618861, 2.631888335731908, 0.041288623641959864, 40.12178383050822, 6.976595674488495]
ntrees:  432
     train-auc-mean  train-auc-std  test-auc-mean  test-auc-std
431        0.906593       0.000915       0.857961      0.003546
-----------
[15.0, 8.0, 3.337740076126855, 0.9220735376561481, 0.5968064613556809, 3.1066473424442167, 0.0800972967285068, 56.14007242778667, 2.6840193359695235]
ntrees:  176
     train-auc-mean  train-auc-std  test-auc-mean  test-auc-std
175        0.900457       0.000654       0.858536      0.003649
-----------
[10.0, 14.0, 8.547070953270735, 0.6811935991857605, 0.730303398245201, 6.6677099270418365, 0.05142002565366427, 44.73320353942829, 3.4868041845457776]
ntrees:  182
     train-auc-mean  train-auc-std  test-auc-mean  test-auc-std
181        0.894138       0.000582       0.858335      0.003547
-----------
[3.4000000000000004, 15.0, 8.574611755172977, 0.5279349704662923, 0.48719273622705767, 6.1787501662663225, 0.023885505870438296, 31.298429325126143, 6.7367364178347575]
ntrees:  1000
     train-auc-mean  train-auc-std  test-auc-mean  test-auc-std
999         0.86014       0.000901       0.853179       0.00367
-----------
[5.0, 2.0, 4.919300257349666, 0.7624133659060547, 0.8885727104188476, 2.42874179643301, 0.07133061070848142, 56.25313109594294, 9.324900842115984]
ntrees:  638
     train-auc-mean  train-auc-std  test-auc-mean  test-auc-std
637        0.877144       0.000783       0.858377      0.003748
-----------
[10.0, 16.0, 4.721410335688661, 0.8604729094267938, 0.6107789052142303, 3.1503018818019477, 0.08424829242687336, 87.11071768068864, 9.570222424269407]
ntrees:  343
     train-auc-mean  train-auc-std  test-auc-mean  test-auc-std
342        0.883439       0.000778        0.85835      0.003774
-----------
[14.0, 11.0, 1.3634781552242814, 0.7136634416398161, 0.47858040792856155, 3.62891330846143, 0.0434885933427787, 32.1071744600882, 2.2563465552890856]
ntrees:  237
     train-auc-mean  train-auc-std  test-auc-mean  test-auc-std
236        0.916256       0.000709       0.857444      0.003563
-----------
[14.0, 11.0, 6.8342199163679185, 0.8727750176675034, 0.7529301777140894, 2.631888335731908, 0.0800972967285068, 26.837607028367763, 2.6840193359695235]
ntrees:  127
     train-auc-mean  train-auc-std  test-auc-mean  test-auc-std
126        0.897449       0.000663       0.859916      0.003567
-----------
[15.0, 9.0, 4.625809491405755, 0.9404618495562136, 0.4326720995077533, 3.8717927514187864, 0.07945302026735544, 31.298429325126143, 6.7367364178347575]
ntrees:  138
     train-auc-mean  train-auc-std  test-auc-mean  test-auc-std
137        0.911366       0.000835       0.858578      0.003729
-----------
[10.0, 6.4, 8.547070953270735, 0.5279349704662923, 0.48719273622705767, 6.1787501662663225, 0.023885505870438296, 76.36849533404045, 8.331381314234967]
ntrees:  1000
     train-auc-mean  train-auc-std  test-auc-mean  test-auc-std
999        0.882561       0.000792       0.857484      0.003612
-----------
[15.0, 9.0, 4.625809491405755, 0.9404618495562136, 0.4326720995077533, 3.8717927514187864, 0.07133061070848142, 56.25313109594294, 4.650250277045857]
ntrees:  275
     train-auc-mean  train-auc-std  test-auc-mean  test-auc-std
274         0.90124       0.000536       0.858747      0.003507
-----------
[5.0, 2.0, 4.919300257349666, 0.7624133659060547, 0.8885727104188476, 2.42874179643301, 0.07945302026735544, 76.36849533404045, 8.331381314234967]
ntrees:  736
     train-auc-mean  train-auc-std  test-auc-mean  test-auc-std
735        0.874326       0.000808       0.858161      0.003788
-----------
[15.0, 9.0, 4.625809491405755, 0.8604729094267938, 0.6107789052142303, 3.1503018818019477, 0.08424829242687336, 87.11071768068864, 9.570222424269407]
ntrees:  301
     train-auc-mean  train-auc-std  test-auc-mean  test-auc-std
300        0.885143       0.000928       0.858297      0.003804
-----------
[10.0, 16.0, 4.721410335688661, 0.9404618495562136, 0.4326720995077533, 3.8717927514187864, 0.07945302026735544, 76.36849533404045, 8.331381314234967]
ntrees:  300
     train-auc-mean  train-auc-std  test-auc-mean  test-auc-std
299        0.887147       0.000679       0.858678       0.00373
-----------
[8.0, 14.0, 3.0380574738275024, 0.7043919984115155, 0.4310281356119883, 4.616860239564879, 0.09639859847135122, 40.12178383050822, 6.976595674488495]
ntrees:  166
     train-auc-mean  train-auc-std  test-auc-mean  test-auc-std
165        0.892247       0.000497       0.857604      0.003684
-----------
[15.0, 8.0, 3.337740076126855, 0.9220735376561481, 0.5968064613556809, 3.1066473424442167, 0.041288623641959864, 42.29455769723211, 6.484319919404111]
ntrees:  256
     train-auc-mean  train-auc-std  test-auc-mean  test-auc-std
255        0.904678       0.000563       0.859296      0.003833
-----------
[8.0, 12.0, 9.256955993382173, 0.43293917024091483, 0.4147232961528652, 8.267637703106448, 0.35226584038413034, 50.941317193312976, 5.738533542189595]
ntrees:  43
    train-auc-mean  train-auc-std  test-auc-mean  test-auc-std
42        0.873861       0.001416       0.850401       0.00351
-----------
[19.0, 8.0, 0.7488758295438025, 0.966388495305656, 0.8511351825420647, 7.418202571799039, 0.4864363761454531, 6.070261241900332, 9.213893288646606]
ntrees:  7
   train-auc-mean  train-auc-std  test-auc-mean  test-auc-std
6        0.967138        0.00163       0.840197      0.002964
-----------
[18.0, 6.0, 3.481139839141727, 0.4853307613132429, 0.5215684237151571, 3.524082656445972, 0.24040418278122797, 68.31906454729608, 9.53162184646563]
ntrees:  56
    train-auc-mean  train-auc-std  test-auc-mean  test-auc-std
55        0.874546       0.000753       0.854193      0.003545
-----------
[16.0, 15.0, 7.89803723962231, 0.5381377066219692, 0.49771205812195274, 1.5602070824560617, 0.33945382909637245, 63.44424590085911, 8.291771036531793]
ntrees:  374
     train-auc-mean  train-auc-std  test-auc-mean  test-auc-std
373        0.861959        0.00082       0.854465      0.003892
-----------
[4.0, 5.0, 3.586132599606647, 0.5558950191542531, 0.6915773358766466, 4.360735996369909, 0.4699438337730523, 93.51158652733334, 2.5005474938477046]
ntrees:  102
     train-auc-mean  train-auc-std  test-auc-mean  test-auc-std
101        0.867182       0.000866       0.853523      0.003251
-----------
[8.0, 11.0, 6.8342199163679185, 0.4480763545503845, 0.7529301777140894, 2.631888335731908, 0.0800972967285068, 26.837607028367763, 2.6840193359695235]
ntrees:  174
     train-auc-mean  train-auc-std  test-auc-mean  test-auc-std
173          0.8787       0.000742        0.85744      0.003968
-----------
[14.0, 15.0, 8.574611755172977, 0.9220735376561481, 0.5968064613556809, 3.1066473424442167, 0.041288623641959864, 23.757436305575887, 6.976595674488495]
ntrees:  299
     train-auc-mean  train-auc-std  test-auc-mean  test-auc-std
298        0.899793       0.000373       0.860235      0.003712
-----------
[15.0, 8.0, 3.337740076126855, 0.9220735376561481, 0.5968064613556809, 3.1066473424442167, 0.0800972967285068, 16.515062646017316, 1.1821409332375525]
ntrees:  90
    train-auc-mean  train-auc-std  test-auc-mean  test-auc-std
89        0.932798       0.000689       0.858064      0.003595
-----------
[14.0, 11.0, 6.8342199163679185, 0.8727750176675034, 0.7529301777140894, 2.631888335731908, 0.023885505870438296, 31.298429325126143, 6.7367364178347575]
ntrees:  567
     train-auc-mean  train-auc-std  test-auc-mean  test-auc-std
566        0.897327       0.000485       0.860211      0.003669
-----------
[8.0, 15.0, 8.574611755172977, 0.9220735376561481, 0.5968064613556809, 3.1066473424442167, 0.023885505870438296, 31.298429325126143, 3.119882123415644]
ntrees:  820
     train-auc-mean  train-auc-std  test-auc-mean  test-auc-std
819        0.887857       0.000564       0.860239      0.003598
-----------
[7.9, 8.0, 3.337740076126855, 0.9220735376561481, 0.5968064613556809, 3.1066473424442167, 0.041288623641959864, 40.12178383050822, 6.976595674488495]
ntrees:  467
     train-auc-mean  train-auc-std  test-auc-mean  test-auc-std
466        0.889697       0.000779       0.859557      0.003714
-----------
[15.0, 8.0, 3.337740076126855, 0.9220735376561481, 0.5968064613556809, 2.22217753979884, 0.0800972967285068, 26.837607028367763, 1.745932427064219]
ntrees:  128
     train-auc-mean  train-auc-std  test-auc-mean  test-auc-std
127        0.907489       0.000405       0.859149      0.003584
-----------
[14.0, 11.0, 6.8342199163679185, 0.8727750176675034, 0.7529301777140894, 2.0322739371139167, 0.041288623641959864, 40.12178383050822, 6.976595674488495]
ntrees:  545
     train-auc-mean  train-auc-std  test-auc-mean  test-auc-std
544        0.883305       0.000822       0.859938      0.003723
-----------
[10.0, 16.0, 4.721410335688661, 0.8604729094267938, 0.47858040792856155, 2.631888335731908, 0.0800972967285068, 26.837607028367763, 2.6840193359695235]
ntrees:  169
     train-auc-mean  train-auc-std  test-auc-mean  test-auc-std
168        0.894541       0.000825       0.859069      0.003407
-----------
[14.0, 11.0, 6.8342199163679185, 0.8727750176675034, 0.7529301777140894, 3.62891330846143, 0.0434885933427787, 32.1071744600882, 2.2563465552890856]
ntrees:  208
     train-auc-mean  train-auc-std  test-auc-mean  test-auc-std
207        0.905391       0.000296       0.859814      0.003664
-----------
[8.0, 15.0, 3.337740076126855, 0.9220735376561481, 0.5968064613556809, 2.22217753979884, 0.041288623641959864, 40.12178383050822, 6.976595674488495]
ntrees:  474
     train-auc-mean  train-auc-std  test-auc-mean  test-auc-std
473        0.888566       0.000562       0.859716      0.003691
-----------
[15.0, 8.0, 8.574611755172977, 0.9220735376561481, 0.5968064613556809, 3.1066473424442167, 0.041288623641959864, 40.12178383050822, 6.976595674488495]
ntrees:  496
     train-auc-mean  train-auc-std  test-auc-mean  test-auc-std
495         0.89159       0.000601       0.860025      0.003823
-----------
[8.0, 15.0, 8.574611755172977, 0.9220735376561481, 0.5968064613556809, 3.62891330846143, 0.0434885933427787, 32.1071744600882, 2.2563465552890856]
ntrees:  369
     train-auc-mean  train-auc-std  test-auc-mean  test-auc-std
368        0.888725       0.000712       0.860018      0.003555
-----------
[5.8, 16.0, 4.721410335688661, 0.43032842564365864, 0.47858040792856155, 3.1066473424442167, 0.041288623641959864, 40.12178383050822, 6.976595674488495]
ntrees:  824
     train-auc-mean  train-auc-std  test-auc-mean  test-auc-std
823        0.874328       0.000773       0.857123      0.003734
-----------
[14.0, 8.0, 3.337740076126855, 0.9220735376561481, 0.5968064613556809, 3.1066473424442167, 0.041288623641959864, 42.29455769723211, 6.484319919404111]
ntrees:  280
     train-auc-mean  train-auc-std  test-auc-mean  test-auc-std
279        0.906369       0.000601       0.859282       0.00363
-----------
[15.0, 11.0, 6.8342199163679185, 0.4017573164638646, 0.7529301777140894, 2.631888335731908, 0.0800972967285068, 26.837607028367763, 2.6840193359695235]
ntrees:  150
     train-auc-mean  train-auc-std  test-auc-mean  test-auc-std
149        0.881816       0.000499       0.856682      0.003606
-----------
[15.0, 4.4, 3.337740076126855, 0.9220735376561481, 0.5968064613556809, 3.1066473424442167, 0.07483697561919542, 26.837607028367763, 2.6840193359695235]
ntrees:  103
     train-auc-mean  train-auc-std  test-auc-mean  test-auc-std
102        0.916805       0.000375       0.858875      0.003325
-----------
[14.0, 11.0, 6.8342199163679185, 0.8727750176675034, 0.7529301777140894, 2.631888335731908, 0.041288623641959864, 40.12178383050822, 6.976595674488495]
ntrees:  447
     train-auc-mean  train-auc-std  test-auc-mean  test-auc-std
446        0.893604        0.00054       0.859874      0.003595
-----------
[8.0, 15.0, 8.574611755172977, 0.9220735376561481, 0.5968064613556809, 3.1066473424442167, 0.041288623641959864, 42.29455769723211, 6.484319919404111]
ntrees:  472
     train-auc-mean  train-auc-std  test-auc-mean  test-auc-std
471        0.881736        0.00076       0.859832      0.003767
-----------
[15.0, 8.0, 3.337740076126855, 0.9220735376561481, 0.5968064613556809, 3.1066473424442167, 0.041288623641959864, 40.12178383050822, 6.976595674488495]
ntrees:  261
     train-auc-mean  train-auc-std  test-auc-mean  test-auc-std
260        0.907762       0.000579       0.859293      0.003717
-----------
[15.0, 8.0, 3.337740076126855, 0.9220735376561481, 0.5968064613556809, 3.1066473424442167, 0.0800972967285068, 26.837607028367763, 2.6840193359695235]
ntrees:  102
     train-auc-mean  train-auc-std  test-auc-mean  test-auc-std
101        0.916591       0.000488       0.858599      0.003513
-----------
[6.200000000000001, 11.0, 6.8342199163679185, 0.8727750176675034, 0.7529301777140894, 2.631888335731908, 0.041288623641959864, 56.25313109594294, 9.324900842115984]
ntrees:  1000
     train-auc-mean  train-auc-std  test-auc-mean  test-auc-std
999        0.878224       0.000761       0.859266      0.003778
-----------
[8.0, 15.0, 8.574611755172977, 0.9220735376561481, 0.28032221761852266, 3.1066473424442167, 0.041288623641959864, 56.25313109594294, 9.324900842115984]
ntrees:  1000
     train-auc-mean  train-auc-std  test-auc-mean  test-auc-std
999        0.873678       0.000882       0.858971       0.00367
-----------
[4.2, 11.0, 6.8342199163679185, 0.7136634416398161, 0.47858040792856155, 3.62891330846143, 0.0434885933427787, 32.1071744600882, 2.2563465552890856]
ntrees:  1000
     train-auc-mean  train-auc-std  test-auc-mean  test-auc-std
999        0.875152       0.000698       0.858072        0.0039
-----------
[14.0, 11.0, 6.8342199163679185, 0.7136634416398161, 0.47858040792856155, 3.62891330846143, 0.0434885933427787, 32.1071744600882, 2.2563465552890856]
ntrees:  286
     train-auc-mean  train-auc-std  test-auc-mean  test-auc-std
285        0.896011       0.000573       0.859088      0.003645
-----------
[8.0, 11.0, 6.8342199163679185, 0.7136634416398161, 0.47858040792856155, 3.62891330846143, 0.0434885933427787, 32.1071744600882, 2.2563465552890856]
ntrees:  353
     train-auc-mean  train-auc-std  test-auc-mean  test-auc-std
352        0.886541       0.000679       0.858811      0.003682
-----------
[10.0, 15.0, 8.574611755172977, 0.9220735376561481, 0.5968064613556809, 3.1066473424442167, 0.041288623641959864, 40.12178383050822, 6.976595674488495]
ntrees:  478
     train-auc-mean  train-auc-std  test-auc-mean  test-auc-std
477        0.887066       0.000784       0.860055      0.003699
-----------
[15.0, 8.0, 3.337740076126855, 0.9220735376561481, 0.5968064613556809, 2.22217753979884, 0.041288623641959864, 20.430291589456385, 6.976595674488495]
ntrees:  228
     train-auc-mean  train-auc-std  test-auc-mean  test-auc-std
227         0.91352       0.000471       0.859676      0.003595
-----------
[15.0, 8.0, 3.337740076126855, 0.9220735376561481, 0.5968064613556809, 3.1066473424442167, 0.023885505870438296, 32.1071744600882, 2.2563465552890856]
ntrees:  378
     train-auc-mean  train-auc-std  test-auc-mean  test-auc-std
377        0.913606       0.000441       0.859694      0.003471
-----------
[10.0, 7.2, 4.721410335688661, 0.8604729094267938, 0.47858040792856155, 3.62891330846143, 0.0434885933427787, 31.298429325126143, 6.7367364178347575]
ntrees:  285
     train-auc-mean  train-auc-std  test-auc-mean  test-auc-std
284        0.899695       0.000396       0.859507      0.003457
-----------
[14.0, 11.0, 8.574611755172977, 0.9220735376561481, 0.5968064613556809, 3.1066473424442167, 0.041288623641959864, 40.12178383050822, 3.710928209994861]
ntrees:  455
     train-auc-mean  train-auc-std  test-auc-mean  test-auc-std
454        0.890737       0.000742       0.860002      0.003607
-----------
[8.0, 15.0, 6.8342199163679185, 0.7136634416398161, 0.47858040792856155, 3.62891330846143, 0.0434885933427787, 32.1071744600882, 2.2563465552890856]
ntrees:  432
     train-auc-mean  train-auc-std  test-auc-mean  test-auc-std
431         0.89021       0.000706        0.85907      0.003631
-----------
[15.0, 16.0, 4.721410335688661, 0.8604729094267938, 0.47858040792856155, 3.62891330846143, 0.0434885933427787, 32.1071744600882, 2.2563465552890856]
ntrees:  279
     train-auc-mean  train-auc-std  test-auc-mean  test-auc-std
278        0.911342       0.000485       0.859282      0.003446
-----------
[10.0, 8.0, 3.337740076126855, 0.9220735376561481, 0.5968064613556809, 2.22217753979884, 0.041288623641959864, 40.12178383050822, 6.976595674488495]
ntrees:  380
     train-auc-mean  train-auc-std  test-auc-mean  test-auc-std
379        0.892464       0.000671       0.859769      0.003638
-----------
[14.0, 11.0, 6.8342199163679185, 0.7136634416398161, 0.47858040792856155, 3.62891330846143, 0.041288623641959864, 23.757436305575887, 6.976595674488495]
ntrees:  257
     train-auc-mean  train-auc-std  test-auc-mean  test-auc-std
256        0.901224       0.000644       0.858942      0.003676
-----------
[8.0, 11.0, 1.8662292681805415, 0.895492200831675, 0.5357405750503054, 7.850432176706439, 0.07690365641977792, 21.627413365783386, 3.731779645395446]
ntrees:  151
     train-auc-mean  train-auc-std  test-auc-mean  test-auc-std
150         0.90744       0.000693       0.858895      0.003149
-----------
[19.0, 10.0, 8.898854424046354, 0.721117422163852, 0.6369197410424763, 3.0903285342229005, 0.0015540219261729227, 69.33957825236467, 4.503547630949476]
ntrees:  1000
     train-auc-mean  train-auc-std  test-auc-mean  test-auc-std
999        0.851414       0.000948       0.844385      0.003804
-----------
[18.0, 8.0, 4.623338879983039, 0.8560390369770209, 0.9122445472769606, 2.973156696234658, 0.39475202099249557, 26.081192668552355, 3.2382850460796613]
ntrees:  12
    train-auc-mean  train-auc-std  test-auc-mean  test-auc-std
11        0.897926        0.00093       0.852665      0.003279
-----------
[16.0, 12.0, 5.971811767808495, 0.626495340344988, 0.4056319724589056, 8.706869741033943, 0.4001954020922604, 33.02324955139567, 6.299124814107513]
ntrees:  16
    train-auc-mean  train-auc-std  test-auc-mean  test-auc-std
15        0.892237       0.002432       0.846278      0.004114
-----------
[4.0, 7.0, 0.36101968605920964, 0.9624803013195152, 0.41577304280381494, 5.259227654503126, 0.4501454629220005, 65.50540916600433, 9.647274466489243]
ntrees:  94
    train-auc-mean  train-auc-std  test-auc-mean  test-auc-std
93        0.871782       0.000505       0.855148      0.003941
-----------
[12.0, 13.0, 0.4598284634093508, 0.8131380469125398, 0.8258521160939192, 4.377705575200531, 0.45078014497760815, 76.91906903004771, 6.756337433398911]
ntrees:  17
    train-auc-mean  train-auc-std  test-auc-mean  test-auc-std
16         0.88383       0.000909       0.852545      0.003781
-----------
[8.0, 3.0, 3.9888739947946528, 0.4627840575863445, 0.5746334932747222, 2.026470294593952, 0.12110837893335773, 91.3788531493835, 5.8733878189979984]
ntrees:  851
     train-auc-mean  train-auc-std  test-auc-mean  test-auc-std
850        0.870432       0.000936       0.856002      0.003495
-----------
[6.0, 11.0, 9.294273391925937, 0.8167880811218016, 0.4920222006413158, 2.44717583941874, 0.00979002180322898, 39.15142205758658, 2.752455102157014]
ntrees:  1000
     train-auc-mean  train-auc-std  test-auc-mean  test-auc-std
999        0.864987       0.000814       0.855899      0.003667
-----------
[15.0, 8.0, 9.375651233876766, 0.7300828250976024, 0.6567580829567501, 4.71067312445569, 0.2725090833079096, 26.91511538842174, 3.4769251423014893]
ntrees:  31
    train-auc-mean  train-auc-std  test-auc-mean  test-auc-std
30        0.900447       0.000468       0.854794      0.003472
-----------
[5.0, 4.0, 1.1451377928594964, 0.8335259289288103, 0.6207467164555418, 8.11832688613558, 0.2091373882605421, 61.447507081541545, 1.518428407514022]
ntrees:  110
     train-auc-mean  train-auc-std  test-auc-mean  test-auc-std
109        0.877606       0.000602       0.856653      0.003823
-----------
[14.0, 15.0, 8.574611755172977, 0.4677957625458424, 0.5968064613556809, 3.1066473424442167, 0.023885505870438296, 31.298429325126143, 3.119882123415644]
ntrees:  659
     train-auc-mean  train-auc-std  test-auc-mean  test-auc-std
658        0.881558       0.000581       0.858184      0.003524
-----------
[8.0, 15.0, 8.574611755172977, 0.9220735376561481, 0.5968064613556809, 3.1066473424442167, 0.041288623641959864, 17.21169729560295, 6.976595674488495]
ntrees:  369
     train-auc-mean  train-auc-std  test-auc-mean  test-auc-std
368        0.892659       0.000867        0.86019      0.003487
-----------
[14.0, 11.0, 6.8342199163679185, 0.8727750176675034, 0.7529301777140894, 2.631888335731908, 0.023885505870438296, 18.29939156472067, 1.3564860482160008]
ntrees:  365
     train-auc-mean  train-auc-std  test-auc-mean  test-auc-std
364        0.908396       0.000432        0.86055      0.003534
-----------
[8.0, 15.0, 8.574611755172977, 0.9220735376561481, 0.5968064613556809, 3.1066473424442167, 0.023885505870438296, 31.298429325126143, 6.7367364178347575]
ntrees:  852
     train-auc-mean  train-auc-std  test-auc-mean  test-auc-std
851        0.887803       0.000519       0.860178      0.003647
-----------
[14.0, 15.0, 6.8342199163679185, 0.8727750176675034, 0.7529301777140894, 2.631888335731908, 0.023885505870438296, 31.298429325126143, 3.119882123415644]
ntrees:  524
     train-auc-mean  train-auc-std  test-auc-mean  test-auc-std
523        0.896539       0.000563       0.860108       0.00368
-----------
[7.500000000000001, 11.0, 8.574611755172977, 0.9220735376561481, 0.5968064613556809, 3.1066473424442167, 0.041288623641959864, 23.757436305575887, 6.976595674488495]
ntrees:  496
     train-auc-mean  train-auc-std  test-auc-mean  test-auc-std
495        0.887364       0.000508       0.859957      0.003631
-----------
[8.0, 15.0, 8.574611755172977, 0.9220735376561481, 0.5968064613556809, 3.1066473424442167, 0.023885505870438296, 40.12178383050822, 3.4629629624718072]
ntrees:  1000
     train-auc-mean  train-auc-std  test-auc-mean  test-auc-std
999        0.885223       0.000567       0.860093      0.003756
-----------
[10.0, 15.0, 8.574611755172977, 0.9220735376561481, 0.5968064613556809, 2.22217753979884, 0.041288623641959864, 31.298429325126143, 3.119882123415644]
ntrees:  770
     train-auc-mean  train-auc-std  test-auc-mean  test-auc-std
769         0.88518       0.000794       0.860231       0.00379
-----------
[14.0, 15.0, 8.574611755172977, 0.9220735376561481, 0.5968064613556809, 3.1066473424442167, 0.041288623641959864, 40.12178383050822, 6.976595674488495]
ntrees:  466
     train-auc-mean  train-auc-std  test-auc-mean  test-auc-std
465        0.890315       0.000679       0.860137      0.003501
-----------
[10.0, 15.0, 8.574611755172977, 0.9220735376561481, 0.5968064613556809, 3.1066473424442167, 0.041288623641959864, 23.757436305575887, 6.976595674488495]
ntrees:  321
     train-auc-mean  train-auc-std  test-auc-mean  test-auc-std
320        0.893218       0.000618       0.860371      0.003666
-----------
[14.0, 11.0, 6.8342199163679185, 0.8727750176675034, 0.7529301777140894, 2.631888335731908, 0.023885505870438296, 40.12178383050822, 6.976595674488495]
ntrees:  657
     train-auc-mean  train-auc-std  test-auc-mean  test-auc-std
656        0.891414       0.000556       0.859879      0.003649
-----------
[10.0, 15.0, 8.574611755172977, 0.9220735376561481, 0.5968064613556809, 3.1066473424442167, 0.041288623641959864, 31.298429325126143, 6.7367364178347575]
ntrees:  385
     train-auc-mean  train-auc-std  test-auc-mean  test-auc-std
384        0.890298       0.000626       0.860099      0.003599
-----------
[8.0, 15.0, 8.574611755172977, 0.9220735376561481, 0.5968064613556809, 3.1066473424442167, 0.041288623641959864, 40.12178383050822, 6.976595674488495]
ntrees:  562
     train-auc-mean  train-auc-std  test-auc-mean  test-auc-std
561        0.884514        0.00058       0.859857      0.003654
-----------
[7.8, 8.0, 8.574611755172977, 0.4549686769354004, 0.5968064613556809, 3.1066473424442167, 0.023885505870438296, 31.298429325126143, 3.119882123415644]
ntrees:  851
     train-auc-mean  train-auc-std  test-auc-mean  test-auc-std
850        0.876769       0.000788       0.858144      0.003534
-----------
[14.0, 15.0, 8.574611755172977, 0.42147672445932244, 0.5968064613556809, 3.1066473424442167, 0.041288623641959864, 23.757436305575887, 6.976595674488495]
ntrees:  344
     train-auc-mean  train-auc-std  test-auc-mean  test-auc-std
343        0.883772       0.000698       0.857638      0.003682
-----------
[8.0, 7.2, 8.574611755172977, 0.9220735376561481, 0.5968064613556809, 3.62891330846143, 0.06019349426490418, 32.1071744600882, 2.2563465552890856]
ntrees:  261
     train-auc-mean  train-auc-std  test-auc-mean  test-auc-std
260        0.888584       0.000596       0.860057      0.003453
-----------
[14.0, 15.0, 8.574611755172977, 0.9220735376561481, 0.5968064613556809, 3.62891330846143, 0.0434885933427787, 32.1071744600882, 2.2563465552890856]
ntrees:  287
     train-auc-mean  train-auc-std  test-auc-mean  test-auc-std
286        0.899615       0.000677        0.86014       0.00356
-----------
[8.0, 15.0, 8.574611755172977, 0.9220735376561481, 0.5968064613556809, 3.1066473424442167, 0.041288623641959864, 23.757436305575887, 6.976595674488495]
ntrees:  434
     train-auc-mean  train-auc-std  test-auc-mean  test-auc-std
433        0.890572       0.000647       0.860154      0.003615
-----------
[8.0, 15.0, 8.574611755172977, 0.9220735376561481, 0.5968064613556809, 3.1066473424442167, 0.041288623641959864, 40.12178383050822, 3.710928209994861]
ntrees:  636
     train-auc-mean  train-auc-std  test-auc-mean  test-auc-std
635        0.886273       0.000658        0.85989       0.00379
-----------
[14.0, 11.0, 8.574611755172977, 0.9220735376561481, 0.5968064613556809, 3.1066473424442167, 0.023885505870438296, 31.298429325126143, 3.119882123415644]
ntrees:  564
     train-auc-mean  train-auc-std  test-auc-mean  test-auc-std
563        0.894158       0.000502       0.860302      0.003617
-----------
[14.0, 15.0, 8.574611755172977, 0.9220735376561481, 0.5968064613556809, 3.1066473424442167, 0.041288623641959864, 40.12178383050822, 3.710928209994861]
ntrees:  488
     train-auc-mean  train-auc-std  test-auc-mean  test-auc-std
487        0.891608       0.000563       0.859983      0.003643
-----------
[6.200000000000001, 11.0, 8.574611755172977, 0.9220735376561481, 0.5968064613556809, 3.1066473424442167, 0.041288623641959864, 23.757436305575887, 6.976595674488495]
ntrees:  701
     train-auc-mean  train-auc-std  test-auc-mean  test-auc-std
700        0.886027       0.000684       0.859754      0.003573
-----------
[14.0, 11.0, 6.8342199163679185, 0.8727750176675034, 0.3427717041618861, 2.631888335731908, 0.041288623641959864, 40.12178383050822, 6.976595674488495]
ntrees:  730
     train-auc-mean  train-auc-std  test-auc-mean  test-auc-std
729        0.883733         0.0007       0.859671      0.003605
-----------
[15.0, 8.0, 8.574611755172977, 0.9220735376561481, 0.5968064613556809, 3.1066473424442167, 0.023885505870438296, 31.298429325126143, 6.7367364178347575]
ntrees:  635
     train-auc-mean  train-auc-std  test-auc-mean  test-auc-std
634        0.895935       0.000562       0.860339      0.003738
-----------
[14.0, 11.0, 6.8342199163679185, 0.8727750176675034, 0.7529301777140894, 2.631888335731908, 0.0434885933427787, 32.1071744600882, 2.2563465552890856]
ntrees:  276
     train-auc-mean  train-auc-std  test-auc-mean  test-auc-std
275        0.895369       0.000823       0.860066      0.003456
-----------
[3.4000000000000004, 15.0, 8.574611755172977, 0.9220735376561481, 0.5968064613556809, 3.62891330846143, 0.023885505870438296, 31.298429325126143, 6.7367364178347575]
ntrees:  1000
     train-auc-mean  train-auc-std  test-auc-mean  test-auc-std
999        0.860704       0.000854       0.853739      0.003703
-----------
[14.0, 11.0, 6.8342199163679185, 0.8727750176675034, 0.7529301777140894, 3.1066473424442167, 0.041288623641959864, 40.12178383050822, 3.710928209994861]
ntrees:  327
     train-auc-mean  train-auc-std  test-auc-mean  test-auc-std
326        0.897873        0.00049       0.859911      0.003739
-----------
[14.0, 11.0, 8.574611755172977, 0.9220735376561481, 0.5968064613556809, 2.631888335731908, 0.023885505870438296, 31.298429325126143, 6.7367364178347575]
ntrees:  768
     train-auc-mean  train-auc-std  test-auc-mean  test-auc-std
767        0.889582        0.00064       0.860502      0.003733
-----------
[14.0, 11.0, 6.8342199163679185, 0.8727750176675034, 0.7529301777140894, 2.0322739371139167, 0.041288623641959864, 40.12178383050822, 6.976595674488495]
ntrees:  545
     train-auc-mean  train-auc-std  test-auc-mean  test-auc-std
544        0.883305       0.000822       0.859938      0.003723
-----------
[14.0, 15.0, 8.574611755172977, 0.9220735376561481, 0.5968064613556809, 2.0322739371139167, 0.041288623641959864, 40.12178383050822, 6.976595674488495]
ntrees:  1000
     train-auc-mean  train-auc-std  test-auc-mean  test-auc-std
999        0.878275       0.000771       0.859956       0.00366
-----------
[14.0, 11.0, 6.8342199163679185, 0.8727750176675034, 0.7529301777140894, 3.1066473424442167, 0.041288623641959864, 13.884552579483447, 6.976595674488495]
ntrees:  181
     train-auc-mean  train-auc-std  test-auc-mean  test-auc-std
180        0.916797       0.000452       0.860469      0.003705
-----------
[8.0, 6.8, 6.8342199163679185, 0.8727750176675034, 0.7529301777140894, 2.631888335731908, 0.0800972967285068, 26.837607028367763, 2.6840193359695235]
ntrees:  197
     train-auc-mean  train-auc-std  test-auc-mean  test-auc-std
196        0.890188       0.000495       0.859594       0.00375
-----------
[14.0, 11.0, 6.8342199163679185, 0.8727750176675034, 0.7529301777140894, 2.631888335731908, 0.041288623641959864, 23.757436305575887, 3.710928209994861]
ntrees:  232
     train-auc-mean  train-auc-std  test-auc-mean  test-auc-std
231        0.900489       0.000522       0.860004      0.003498
-----------
[14.0, 15.0, 8.574611755172977, 0.9220735376561481, 0.5968064613556809, 3.1066473424442167, 0.0800972967285068, 26.837607028367763, 2.6840193359695235]
ntrees:  173
     train-auc-mean  train-auc-std  test-auc-mean  test-auc-std
172        0.899547       0.000524       0.859604      0.003783
-----------
[14.0, 11.0, 6.8342199163679185, 0.8727750176675034, 0.7529301777140894, 2.0322739371139167, 0.041288623641959864, 31.298429325126143, 6.7367364178347575]
ntrees:  445
     train-auc-mean  train-auc-std  test-auc-mean  test-auc-std
444        0.888373       0.000841       0.860157      0.003657
-----------
[14.0, 11.0, 6.8342199163679185, 0.8727750176675034, 0.7529301777140894, 2.631888335731908, 0.0800972967285068, 26.837607028367763, 2.6840193359695235]
ntrees:  127
     train-auc-mean  train-auc-std  test-auc-mean  test-auc-std
126        0.897449       0.000663       0.859916      0.003567
-----------
[8.0, 5.0, 9.439808255094265, 0.8845091802070966, 0.9638603211700028, 8.291771036531793, 0.26836301294174053, 68.510951027342, 3.115301899404022]
ntrees:  35
    train-auc-mean  train-auc-std  test-auc-mean  test-auc-std
34        0.882633       0.000627       0.856395      0.003892
-----------
[19.0, 11.0, 1.422179355220714, 0.8278801714532693, 0.7056479031598779, 2.5005474938477046, 0.23144643993610198, 51.68319784206376, 3.3368812866172695]
ntrees:  41
    train-auc-mean  train-auc-std  test-auc-mean  test-auc-std
40        0.893749       0.000899       0.855765      0.003379
-----------
[18.0, 10.0, 2.3022951103661535, 0.5682721770963981, 0.43642156745140204, 8.434563270593966, 0.2671272877323468, 10.902841568513322, 9.09743282886383]
ntrees:  17
    train-auc-mean  train-auc-std  test-auc-mean  test-auc-std
16        0.923766       0.002359       0.844848      0.004083
-----------
[16.0, 8.0, 2.5982503192375517, 0.4373471388304041, 0.8099143872837765, 9.101357678407435, 0.17749497651857293, 38.717101527463846, 8.657935054779774]
ntrees:  27
    train-auc-mean  train-auc-std  test-auc-mean  test-auc-std
26        0.897443       0.000598       0.851628      0.003259
-----------
[4.0, 12.0, 0.24538826921441936, 0.6240490664246606, 0.7806654754051547, 6.191845423358918, 0.22915965500974414, 7.515002447445973, 6.1260308960350445]
ntrees:  121
     train-auc-mean  train-auc-std  test-auc-mean  test-auc-std
120        0.875029       0.000611       0.855259      0.003919
-----------
[12.0, 7.0, 7.51891970903441, 0.822363735932822, 0.961069519164, 2.57563292302436, 0.3235997487001393, 2.996064288250344, 2.488452080058756]
ntrees:  12
    train-auc-mean  train-auc-std  test-auc-mean  test-auc-std
11        0.916434       0.001944       0.851678      0.003207
-----------
[8.0, 13.0, 2.026140395252618, 0.9836910334414266, 0.715902236145973, 5.636967956819807, 0.3765552108403595, 57.15106965323845, 4.266262416022089]
ntrees:  32
    train-auc-mean  train-auc-std  test-auc-mean  test-auc-std
31        0.889561         0.0007       0.856054      0.003973
-----------
[6.0, 3.0, 1.628534302032545, 0.6878607408191117, 0.9475928859097736, 4.756602024338168, 0.08219311635011448, 84.47227976724191, 9.257357565550354]
ntrees:  266
     train-auc-mean  train-auc-std  test-auc-mean  test-auc-std
265         0.87994       0.000781       0.857684       0.00364
-----------
[15.0, 11.0, 4.859622264610777, 0.806958511939526, 0.9687747897643753, 8.63352424099466, 0.4740210625767365, 53.51059828759128, 8.401622455593554]
ntrees:  9
   train-auc-mean  train-auc-std  test-auc-mean  test-auc-std
8        0.895995       0.000932       0.849975      0.003899
-----------
[14.0, 11.0, 8.574611755172977, 0.4677957625458424, 0.5968064613556809, 2.631888335731908, 0.023885505870438296, 31.298429325126143, 6.7367364178347575]
ntrees:  1000
     train-auc-mean  train-auc-std  test-auc-mean  test-auc-std
999        0.879414       0.000832       0.858192      0.003608
-----------
[14.0, 11.0, 6.8342199163679185, 0.8727750176675034, 0.7529301777140894, 2.631888335731908, 0.023885505870438296, 15.028479399260862, 1.3564860482160008]
ntrees:  324
     train-auc-mean  train-auc-std  test-auc-mean  test-auc-std
323        0.911629        0.00057       0.860736      0.003595
-----------
[14.0, 11.0, 6.8342199163679185, 0.8727750176675034, 0.7529301777140894, 3.1066473424442167, 0.041288623641959864, 11.33384086646359, 2.8991714686451413]
ntrees:  158
     train-auc-mean  train-auc-std  test-auc-mean  test-auc-std
157        0.922547       0.000359       0.860244      0.003442
-----------
[14.0, 11.0, 8.574611755172977, 0.9220735376561481, 0.7529301777140894, 3.1066473424442167, 0.041288623641959864, 13.884552579483447, 3.215825826077139]
ntrees:  199
     train-auc-mean  train-auc-std  test-auc-mean  test-auc-std
198        0.915005       0.000307       0.860454      0.003529
-----------
[7.500000000000001, 11.0, 6.8342199163679185, 0.8727750176675034, 0.5968064613556809, 2.631888335731908, 0.023885505870438296, 31.298429325126143, 6.7367364178347575]
ntrees:  1000
     train-auc-mean  train-auc-std  test-auc-mean  test-auc-std
999        0.885299       0.000645       0.859825      0.003721
-----------
[10.0, 15.0, 8.574611755172977, 0.9220735376561481, 0.5968064613556809, 3.1066473424442167, 0.041288623641959864, 23.757436305575887, 3.4629629624718072]
ntrees:  362
     train-auc-mean  train-auc-std  test-auc-mean  test-auc-std
361        0.896454       0.000493       0.860262      0.003559
-----------
[14.0, 11.0, 6.8342199163679185, 0.8727750176675034, 0.7529301777140894, 2.0322739371139167, 0.023885505870438296, 18.29939156472067, 1.3564860482160008]
ntrees:  430
     train-auc-mean  train-auc-std  test-auc-mean  test-auc-std
429        0.897712       0.000493       0.860506      0.003583
-----------
[14.0, 11.0, 6.8342199163679185, 0.9220735376561481, 0.5968064613556809, 3.1066473424442167, 0.023885505870438296, 31.298429325126143, 6.7367364178347575]
ntrees:  547
     train-auc-mean  train-auc-std  test-auc-mean  test-auc-std
546        0.900787       0.000475       0.860199      0.003726
-----------
[15.0, 8.0, 8.574611755172977, 0.8727750176675034, 0.7529301777140894, 2.631888335731908, 0.023885505870438296, 18.29939156472067, 1.3564860482160008]
ntrees:  442
     train-auc-mean  train-auc-std  test-auc-mean  test-auc-std
441        0.905658       0.000364        0.86059      0.003473
-----------
[10.0, 15.0, 8.574611755172977, 0.9220735376561481, 0.5968064613556809, 3.1066473424442167, 0.023885505870438296, 31.298429325126143, 6.7367364178347575]
ntrees:  763
     train-auc-mean  train-auc-std  test-auc-mean  test-auc-std
762        0.892482       0.000514       0.860366      0.003651
-----------
[14.0, 11.0, 8.574611755172977, 0.9220735376561481, 0.5968064613556809, 2.631888335731908, 0.041288623641959864, 23.757436305575887, 6.976595674488495]
ntrees:  321
     train-auc-mean  train-auc-std  test-auc-mean  test-auc-std
320        0.892668        0.00078       0.860281      0.003701
