-----------
[14, 11, 6.8342199163679185, 0.8727750176675034, 0.7529301777140894, 2.631888335731908, 0.023885505870438296, 15.028479399260862, 1.3564860482160008]
ntrees:  1000
     train-auc-mean  train-auc-std  test-auc-mean  test-auc-std
999         0.95696       0.000402       0.895854      0.002719
-----------
[14, 11, 6.8342199163679185, 0.8727750176675034, 0.7529301777140894, 2.631888335731908, 0.023885505870438296, 15.028479399260862, 1.3564860482160008]
ntrees:  5000
      train-auc-mean  train-auc-std  test-auc-mean  test-auc-std
4999        0.980452       0.000132       0.900565      0.002555
