trees     train-auc-mean  train-auc-std  test-auc-mean  test-auc-std
999        0.870805       0.000788       0.855868      0.003847
999        0.837538       0.000889       0.835964      0.003254
19         0.88181       0.000908       0.855442      0.003385
39        0.880577       0.000537       0.855361      0.004114
316        0.891461       0.000719       0.855859      0.003672
55        0.868912       0.001021       0.853668      0.003794
453        0.862631       0.000881       0.855571      0.003638
169        0.871412       0.000965       0.853289      0.003369
255        0.870964       0.001079       0.855994      0.003483
21         0.87717       0.000882       0.851384      0.003819
164        0.891123       0.000612       0.857509      0.003645
23        0.899641       0.000586       0.852705      0.003414
21        0.891007       0.000882       0.853862      0.003937
10        0.896812       0.000809       0.850075      0.003473
145         0.90052       0.000638       0.857937      0.003718
23         0.91624       0.001318       0.853929      0.004387
260        0.907762       0.000579       0.859293      0.003717
29        0.890614       0.000199       0.853656      0.003436
318        0.892138       0.000674       0.858542      0.003648
344        0.872036       0.000824       0.857111      0.003589
55        0.869234       0.000913       0.852628      0.003139
102        0.886006       0.000823       0.855389       0.00366
999        0.848792       0.000851       0.845342      0.003544
86        0.872555       0.000803       0.853285      0.003406
16        0.891322       0.000651       0.853693      0.003374
21        0.866337       0.000465       0.850421       0.00315
285        0.896011       0.000573       0.859088      0.003645
23        0.874731       0.001052       0.853114      0.003567
40        0.889488       0.000924       0.853301       0.00339
58        0.872928        0.00049       0.853822      0.003354
16        0.877732       0.000536       0.851611      0.003303
23        0.885964       0.000841       0.852604      0.004133
14        0.869241       0.000444       0.847492      0.003555
431        0.879526         0.0007       0.855871      0.003802
999        0.863924        0.00091       0.857141      0.003693
776        0.847446       0.000792       0.842444      0.003483
82         0.88162       0.000665       0.857083      0.003526
809        0.845111       0.000863       0.841844      0.003528
999        0.850476       0.000774       0.846522      0.003743
16        0.867717       0.000823       0.851214       0.00329
141         0.88333       0.000569       0.856543      0.003712
210        0.903329       0.000707       0.857184      0.003756
637        0.877144       0.000783       0.858377      0.003748
155         0.87888       0.000789       0.856366       0.00349
9        0.882486       0.003094       0.846318      0.003623
342        0.883439       0.000778        0.85835      0.003774
541        0.896622       0.000596         0.8584      0.003561
260        0.892066       0.000509       0.858759      0.003807
33        0.949933       0.000277       0.855107      0.002685
999        0.844877       0.000859       0.841871      0.003502
248        0.897262       0.000683       0.857128      0.003617
256        0.901224       0.000644       0.858942      0.003676
113        0.936551       0.000387       0.857478      0.003328
561        0.884514        0.00058       0.859857      0.003654
163        0.910383       0.000554       0.857979      0.003528
745         0.87709       0.000679       0.858438      0.003614
294        0.891354       0.000796       0.858647        0.0036
353        0.898819       0.000684       0.859453      0.003845
389        0.914003       0.000508       0.859548      0.003474
301        0.888428       0.000781       0.857646      0.003583
342        0.899879       0.000691       0.859223      0.003722
374        0.875723       0.000991       0.858438      0.003651
243        0.888863       0.000848       0.858229      0.003719
704        0.874037       0.000711       0.857181      0.003849
136        0.911509       0.000945       0.858667      0.003452
999        0.870948       0.000765       0.855832      0.003648
198        0.899793       0.000802       0.857256      0.003957
316        0.891821       0.000837       0.859145      0.003667
476        0.884588       0.000794       0.858849      0.003818
710        0.881294        0.00065       0.858552      0.003703
615         0.87902       0.000769       0.857936      0.003523
284        0.899113       0.000493        0.85943      0.003607
168         0.90535       0.000375       0.858106      0.003468
999        0.867633        0.00084       0.856742      0.003826
431        0.906593       0.000915       0.857961      0.003546
175        0.900457       0.000654       0.858536      0.003649
181        0.894138       0.000582       0.858335      0.003547
999         0.86014       0.000901       0.853179       0.00367
637        0.877144       0.000783       0.858377      0.003748
342        0.883439       0.000778        0.85835      0.003774
236        0.916256       0.000709       0.857444      0.003563
126        0.897449       0.000663       0.859916      0.003567
137        0.911366       0.000835       0.858578      0.003729
999        0.882561       0.000792       0.857484      0.003612
274         0.90124       0.000536       0.858747      0.003507
735        0.874326       0.000808       0.858161      0.003788
300        0.885143       0.000928       0.858297      0.003804
299        0.887147       0.000679       0.858678       0.00373
165        0.892247       0.000497       0.857604      0.003684
255        0.904678       0.000563       0.859296      0.003833
42        0.873861       0.001416       0.850401       0.00351
6        0.967138        0.00163       0.840197      0.002964
55        0.874546       0.000753       0.854193      0.003545
373        0.861959        0.00082       0.854465      0.003892
101        0.867182       0.000866       0.853523      0.003251
173          0.8787       0.000742        0.85744      0.003968
298        0.899793       0.000373       0.860235      0.003712
89        0.932798       0.000689       0.858064      0.003595
566        0.897327       0.000485       0.860211      0.003669
819        0.887857       0.000564       0.860239      0.003598
466        0.889697       0.000779       0.859557      0.003714
127        0.907489       0.000405       0.859149      0.003584
544        0.883305       0.000822       0.859938      0.003723
168        0.894541       0.000825       0.859069      0.003407
207        0.905391       0.000296       0.859814      0.003664
473        0.888566       0.000562       0.859716      0.003691
495         0.89159       0.000601       0.860025      0.003823
368        0.888725       0.000712       0.860018      0.003555
823        0.874328       0.000773       0.857123      0.003734
279        0.906369       0.000601       0.859282       0.00363
149        0.881816       0.000499       0.856682      0.003606
102        0.916805       0.000375       0.858875      0.003325
446        0.893604        0.00054       0.859874      0.003595
471        0.881736        0.00076       0.859832      0.003767
260        0.907762       0.000579       0.859293      0.003717
101        0.916591       0.000488       0.858599      0.003513
999        0.878224       0.000761       0.859266      0.003778
999        0.873678       0.000882       0.858971       0.00367
999        0.875152       0.000698       0.858072        0.0039
285        0.896011       0.000573       0.859088      0.003645
352        0.886541       0.000679       0.858811      0.003682
477        0.887066       0.000784       0.860055      0.003699
227         0.91352       0.000471       0.859676      0.003595
377        0.913606       0.000441       0.859694      0.003471
284        0.899695       0.000396       0.859507      0.003457
454        0.890737       0.000742       0.860002      0.003607
431         0.89021       0.000706        0.85907      0.003631
278        0.911342       0.000485       0.859282      0.003446
379        0.892464       0.000671       0.859769      0.003638
256        0.901224       0.000644       0.858942      0.003676
150         0.90744       0.000693       0.858895      0.003149
999        0.851414       0.000948       0.844385      0.003804
11        0.897926        0.00093       0.852665      0.003279
15        0.892237       0.002432       0.846278      0.004114
93        0.871782       0.000505       0.855148      0.003941
16         0.88383       0.000909       0.852545      0.003781
850        0.870432       0.000936       0.856002      0.003495
999        0.864987       0.000814       0.855899      0.003667
30        0.900447       0.000468       0.854794      0.003472
109        0.877606       0.000602       0.856653      0.003823
658        0.881558       0.000581       0.858184      0.003524
368        0.892659       0.000867        0.86019      0.003487
364        0.908396       0.000432        0.86055      0.003534
851        0.887803       0.000519       0.860178      0.003647
523        0.896539       0.000563       0.860108       0.00368
495        0.887364       0.000508       0.859957      0.003631
999        0.885223       0.000567       0.860093      0.003756
769         0.88518       0.000794       0.860231       0.00379
465        0.890315       0.000679       0.860137      0.003501
320        0.893218       0.000618       0.860371      0.003666
656        0.891414       0.000556       0.859879      0.003649
384        0.890298       0.000626       0.860099      0.003599
561        0.884514        0.00058       0.859857      0.003654
850        0.876769       0.000788       0.858144      0.003534
343        0.883772       0.000698       0.857638      0.003682
260        0.888584       0.000596       0.860057      0.003453
286        0.899615       0.000677        0.86014       0.00356
433        0.890572       0.000647       0.860154      0.003615
635        0.886273       0.000658        0.85989       0.00379
563        0.894158       0.000502       0.860302      0.003617
487        0.891608       0.000563       0.859983      0.003643
700        0.886027       0.000684       0.859754      0.003573
729        0.883733         0.0007       0.859671      0.003605
634        0.895935       0.000562       0.860339      0.003738
275        0.895369       0.000823       0.860066      0.003456
999        0.860704       0.000854       0.853739      0.003703
326        0.897873        0.00049       0.859911      0.003739
767        0.889582        0.00064       0.860502      0.003733
544        0.883305       0.000822       0.859938      0.003723
999        0.878275       0.000771       0.859956       0.00366
180        0.916797       0.000452       0.860469      0.003705
196        0.890188       0.000495       0.859594       0.00375
231        0.900489       0.000522       0.860004      0.003498
172        0.899547       0.000524       0.859604      0.003783
444        0.888373       0.000841       0.860157      0.003657
126        0.897449       0.000663       0.859916      0.003567
34        0.882633       0.000627       0.856395      0.003892
40        0.893749       0.000899       0.855765      0.003379
16        0.923766       0.002359       0.844848      0.004083
26        0.897443       0.000598       0.851628      0.003259
120        0.875029       0.000611       0.855259      0.003919
11        0.916434       0.001944       0.851678      0.003207
31        0.889561         0.0007       0.856054      0.003973
265         0.87994       0.000781       0.857684       0.00364
8        0.895995       0.000932       0.849975      0.003899
999        0.879414       0.000832       0.858192      0.003608
323        0.911629        0.00057       0.860736      0.003595
157        0.922547       0.000359       0.860244      0.003442
198        0.915005       0.000307       0.860454      0.003529
999        0.885299       0.000645       0.859825      0.003721
361        0.896454       0.000493       0.860262      0.003559
429        0.897712       0.000493       0.860506      0.003583
546        0.900787       0.000475       0.860199      0.003726
441        0.905658       0.000364        0.86059      0.003473
762        0.892482       0.000514       0.860366      0.003651
320        0.892668        0.00078       0.860281      0.003701
