-----------
[14.0, 11.0, 6.8342199163679185, 0.8727750176675034, 0.7529301777140894, 2.631888335731908, 0.023885505870438296, 15.028479399260862, 1.3564860482160008]
ntrees:  324
     train-auc-mean  train-auc-std  test-auc-mean  test-auc-std
323        0.911629        0.00057       0.860736      0.003595
-----------
[14, 11, 6.8342199163679185, 0.8727750176675034, 0.7529301777140894, 2.631888335731908, 0.023885505870438296, 15.028479399260862, 1.3564860482160008]
ntrees:  324
     train-auc-mean  train-auc-std  test-auc-mean  test-auc-std
323        0.911629        0.00057       0.860736      0.003595
